1140 8760 1
756 7216 3
321 5752 1
1195 1374 1
920 6493 3
778 7475 3
724 7422 1
1275 8062 2
75 8657 2
1266 1336 2
224 483 3
49 4286 2
766 6128 1
1087 2059 2
907 7827 1
1293 3675 1
318 6983 1
287 3097 3
176 5789 3
960 8541 3
987 8208 1
1315 2751 1
650 5394 2
596 4345 1
1433 1471 3
1425 3521 3
1026 3012 2
57 3224 2
1286 4686 1
921 7488 3
94 4046 1
1434 7735 3
248 70 1
1199 4651 2
594 697 2
557 2822 2
706 4090 3
459 1093 3
564 2000 3
782 5003 1
616 4516 3
466 5288 1
81 3243 2
632 918 1
1023 2131 3
740 8253 1
664 8494 2
1223 8504 3
118 2805 1
1143 5219 2
545 3161 3
570 4386 1
18 1230 2
914 2069 2
59 4374 1
493 1077 3
63 140 3
207 5581 3
1306 4506 1
1243 3633 3
1022 3010 3
863 9457 3
1351 5216 3
679 1047 3
885 9118 3
875 5751 2
566 4115 2
1217 6807 1
454 3227 3
658 7329 1
804 7054 1
332 6191 1
933 5043 3
1337 3570 3
1198 6558 1
142 6768 3
1301 3194 1
837 6064 2
968 9997 3
166 632 2
467 9748 2
543 4446 3
713 7505 2
485 9320 1
1088 244 2
674 7869 1
85 544 1
429 5258 3
1123 3590 1
1372 5496 3
290 9614 2
0 9728 1
597 8654 3
111 8483 3
827 6235 2
704 8590 1
742 3950 2
280 6738 1
103 3483 1
1336 2140 2
14 5093 3
781 7787 2
62 1079 1
1242 632 3
1027 5314 2
609 7959 3
457 8703 1
232 7700 1
619 1139 3
289 9880 1
134 4082 1
549 7295 1
548 9731 1
870 6860 2
1339 2683 1
1357 8708 2
114 5128 1
952 7950 3
737 2662 2
1173 8159 3
441 495 2
789 6725 1
241 4879 1
1160 9428 1
666 7759 2
383 59 3
929 4127 3
350 4260 1
1014 387 2
752 1797 3
831 1072 3
379 4241 3
257 6865 2
1170 4698 2
399 8928 3
48 8421 3
932 9770 1
989 3948 2
395 6164 3
601 6175 1
1184 1750 2
846 4858 3
1104 4720 2
593 8229 1
954 4222 1
821 3600 2
532 8986 2
1380 1338 3
372 7245 3
631 2141 3
185 4245 1
104 2619 1
1090 6983 1
824 1229 2
1368 659 1
521 4490 1
1101 8184 3
775 245 3
966 1357 3
1001 9764 3
917 2073 3
1109 1794 2
1069 2552 1
1200 872 3
1046 6862 3
198 2287 2
894 3618 2
841 6988 3
385 212 1
725 7675 1
47 9187 3
648 8690 2
100 5029 2
1328 6238 1
1353 3577 1
835 5164 1
615 7001 1
1282 8722 1
1305 6977 1
1395 8141 3
1276 4845 2
788 5636 2
972 677 1
21 375 1
1062 930 1
465 4367 1
1244 5224 3
391 8281 1
406 2916 3
710 2631 3
1126 5607 3
905 8423 2
215 5026 2
361 4498 1
1271 1709 1
590 4871 3
751 3609 1
853 3653 1
702 5882 2
962 5950 3
520 7462 1
705 2846 3
160 2260 3
792 18 2
1033 2361 2
218 4913 3
1154 9289 2
193 4923 1
560 8621 1
28 4818 3
197 9067 3
1277 3393 2
896 4063 3
384 3927 2
373 1238 1
652 5367 3
71 1093 1
33 4160 3
1304 4751 2
1229 7639 1
1302 6916 1
945 7907 1
722 1677 2
540 3051 3
1410 9018 3
110 4385 2
904 8001 2
612 480 3
1137 577 3
599 1933 2
909 1613 3
1077 2416 2
595 9859 1
1103 108 1
1131 2622 1
1407 1367 2
1055 1858 3
971 6929 3
1360 208 1
425 998 3
1116 7058 1
980 2319 2
1402 9377 2
1039 2983 3
993 4888 3
589 4184 3
199 8521 3
338 6894 2
310 8275 3
900 2098 2
969 5331 3
1125 8967 2
73 4676 3
583 9663 2
941 5332 3
141 5959 2
829 681 3
214 1585 3
1285 9096 1
265 3888 3
649 5465 2
340 1857 2
958 1656 3
276 9395 3
584 6777 3
93 4290 1
602 8292 2
586 2693 1
407 3790 3
537 4743 2
748 5311 2
512 2176 3
683 8057 3
1010 1273 2
1332 5214 3
44 4417 3
730 9270 1
807 648 3
729 3274 3
475 1813 1
585 7376 2
578 880 3
268 5497 1
728 6736 1
1318 1060 3
196 5773 2
490 1055 2
816 946 3
979 7880 2
301 7595 2
974 9163 2
1255 286 1
482 5273 1
173 4731 2
580 4739 1
1117 7598 1
780 7528 2
325 6123 1
834 1240 1
1047 7209 1
1269 9665 3
1253 7947 1
1045 4195 2
871 1570 3
550 5585 1
476 6999 3
55 9349 2
1049 7935 2
1031 3872 3
478 6586 2
486 6041 2
976 1915 1
1174 6037 2
194 3472 1
910 5481 3
68 1715 1
463 9517 2
108 3279 3
764 3016 1
830 5223 3
901 1363 1
1172 2173 1
365 246 1
29 5394 3
74 9051 2
172 4556 1
148 8235 1
886 2550 2
347 4185 1
1020 8187 1
1054 4891 1
721 4180 2
234 2811 1
39 8417 3
701 5052 1
507 4188 3
89 5121 2
1428 5303 3
233 5234 2
349 5114 1
27 8319 1
374 7763 3
622 9890 3
561 6561 2
51 8450 2
1247 9103 3
1015 474 2
1264 4603 1
530 2655 1
1230 9870 2
1297 7405 3
117 6959 1
693 3398 1
876 5570 2
458 1645 1
889 781 2
720 1001 2
1377 2851 3
635 3045 1
1364 8167 2
1345 9294 3
78 4829 3
1050 9788 1
10 1457 1
1439 7094 3
262 9996 1
800 1086 3
934 3723 2
1388 6530 2
844 2218 2
898 6947 1
1343 5822 1
12 8353 3
847 792 2
839 2869 3
311 9240 2
210 2505 2
1280 1630 3
1278 2516 2
1153 706 2
1430 6170 2
587 6133 2
1202 8617 3
526 2581 1
1185 1301 3
1349 6713 2
1224 4950 3
522 6153 2
970 2431 1
645 5626 2
410 5229 2
967 6088 3
1189 4277 2
256 2219 1
998 8594 3
744 838 3
1142 3918 2
984 708 2
1163 2837 3
745 9877 2
1028 9570 2
806 6819 1
755 3108 2
680 1293 1
607 9293 2
261 2151 2
949 5661 2
24 349 2
66 9789 2
423 7506 3
552 168 1
245 4660 3
209 8264 3
90 3548 1
883 9521 2
165 8626 3
452 3061 1
35 8994 3
1382 3254 1
146 9411 1
1219 3743 2
983 8472 2
668 7072 2
1208 9354 3
255 995 2
1394 489 2
1158 8707 1
1167 1238 1
330 1082 2
414 1386 3
1338 7505 1
1408 5241 1
306 9499 2
1063 3658 2
243 8962 1
242 5497 3
453 1665 1
216 7383 2
41 5720 3
222 6694 3
122 1252 3
1187 8928 2
1416 4969 3
1176 748 3
309 4861 2
132 8864 1
295 9518 3
15 9567 1
277 7140 1
1378 6826 1
369 971 1
694 9348 2
809 2320 2
533 9213 1
1191 8910 3
1162 5907 3
1144 4318 3
990 7554 2
1188 5621 1
731 9453 2
1421 633 3
524 7193 1
1246 1224 3
692 3757 1
477 2055 1
684 108 3
496 8258 1
1263 5369 3
1427 4312 2
628 7943 3
409 5153 2
1326 3203 2
1321 5831 1
84 9728 2
25 9601 2
978 770 2
336 2019 1
1370 6376 1
842 1770 1
726 9028 3
1423 6298 2
357 6510 1
647 3830 1
120 657 1
1052 9636 3
390 9196 3
712 8483 3
364 5418 2
758 7279 2
344 8939 1
988 1030 1
791 1372 2
1147 5297 1
935 4857 1
653 2956 2
642 3377 3
825 645 1
897 9545 3
20 9203 3
183 1087 3
1098 5273 1
931 1562 1
1009 1583 2
760 9417 1
264 2164 2
536 2564 1
269 2474 3
1292 1665 1
516 3962 1
916 8828 3
1312 9173 3
605 8897 2
924 875 3
1094 5503 3
296 9420 2
633 4453 3
1363 6083 1
708 3009 2
1 8202 2
42 5819 2
1396 9449 3
497 8625 2
689 5806 2
1342 1376 3
1233 8257 2
1317 2833 2
818 237 2
736 560 1
1260 7453 1
202 3987 1
991 8535 1
1072 8131 2
750 615 3
508 6079 3
1148 5349 2
1390 5029 2
191 5244 1
315 1752 1
1365 19 3
464 2067 2
473 6374 3
1183 5491 1
358 4246 2
840 194 2
836 7073 3
1391 3552 2
297 957 3
393 1841 3
957 3759 3
195 9340 3
872 611 1
1141 8733 1
326 4911 1
1299 4530 1
127 6321 1
753 6173 2
843 2994 2
129 3386 3
1128 6685 1
1392 1717 2
707 533 1
541 736 2
754 4965 2
26 307 3
1085 6306 1
356 7557 2
1414 1083 2
1400 2632 1
431 7270 3
763 6323 1
1156 7487 1
1169 7650 1
603 275 1
1371 7303 1
145 5464 3
259 5050 2
206 882 3
154 8697 2
4 3718 3
716 4532 2
375 1152 3
164 8597 2
892 5583 1
527 2551 1
915 3621 2
810 8486 1
776 8687 2
859 6516 3
449 5729 3
1346 5870 1
125 6786 1
582 815 1
139 7649 3
1100 6187 3
667 7279 1
433 3826 2
88 4627 3
70 5295 1
109 3699 1
1386 172 1
1379 5748 1
331 9820 3
887 1278 1
845 6269 1
1053 5135 1
124 9459 1
1308 9568 1
768 5560 2
184 5584 2
186 2993 2
1436 8633 2
345 2572 2
105 5302 2
61 2042 3
770 7357 3
422 5495 1
480 636 1
1267 4471 3
231 93 3
654 9663 3
629 3323 2
1281 1390 1
1008 677 3
899 9092 3
1016 615 2
1231 4735 1
498 8120 1
1265 7742 3
518 8809 1
1300 1039 2
76 2682 1
662 5642 2
208 7494 1
102 9057 1
107 1382 2
368 5840 1
555 5682 1
83 8907 1
1234 6791 1
228 2594 2
1362 3533 3
864 8060 2
492 1392 3
112 5695 3
1080 5866 3
510 5336 3
1134 9935 1
774 6664 3
1397 600 1
567 7361 3
858 8215 3
878 351 2
881 4138 3
86 3408 2
1124 2329 2
1003 3227 1
367 1317 2
857 8743 2
1319 9099 3
432 1679 2
975 14 2
1112 4241 1
1021 6203 2
1369 2465 3
460 2206 1
153 7870 2
1048 280 1
1355 861 3
1262 2612 3
87 7872 1
149 4643 1
811 219 2
643 4611 3
856 5989 2
355 5729 2
723 1830 3
53 3619 2
360 8582 2
279 7937 1
389 4569 1
221 5458 1
961 8884 1
106 5375 2
77 1132 2
499 8712 2
40 445 1
1201 5774 1
474 3025 3
1335 8986 3
1149 8331 2
446 9912 3
128 5965 1
1227 4672 1
1000 9389 3
322 8195 3
212 6197 3
565 9276 3
982 7430 3
1387 9776 3
1366 3478 3
434 7605 1
187 2048 3
542 7767 1
554 4223 2
636 4677 2
798 8541 2
544 9387 1
386 8687 1
371 2723 2
608 2639 2
749 6097 1
908 9552 3
678 3209 2
381 3748 3
1079 9235 2
882 8961 2
1298 7286 1
799 5939 1
500 6982 2
1082 4987 1
72 1753 3
1171 3950 2
1220 5471 2
1420 8710 2
1418 5449 2
392 6299 2
913 8354 1
152 2723 3
1057 7272 2
623 9620 1
1211 399 3
1065 2209 1
1307 841 3
258 9234 2
1007 130 2
247 293 2
341 7784 3
1381 8058 1
5 9675 3
137 1197 1
333 4691 1
1155 2382 2
1283 8170 1
1273 2201 1
1334 855 2
182 5080 2
1005 5833 2
1076 9381 2
727 1465 3
92 4970 1
523 1890 1
1036 237 2
503 2125 2
1108 3489 2
440 3551 2
419 9034 3
1215 8387 2
491 5266 1
285 2763 2
126 61 2
677 3173 1
1040 8374 1
1291 3858 3
294 8250 3
179 5494 1
644 2157 3
1359 1573 1
411 9749 3
868 11 3
468 7236 1
553 9984 3
630 3034 2
1403 669 1
219 2170 3
1254 7714 1
1356 8520 2
205 6227 2
266 1422 3
1168 8905 2
291 8711 1
417 4700 3
1193 2504 1
669 5927 1
1032 9778 2
761 9004 3
572 361 1
1333 8266 3
509 396 2
1043 3963 3
398 4813 2
156 5501 1
1056 6007 1
97 1876 1
673 9913 2
855 5031 2
278 741 1
891 9071 1
600 9424 1
696 4329 3
60 2153 1
802 3304 1
443 8146 1
687 3144 1
771 7271 3
192 5866 3
938 4477 3
625 3364 3
225 6356 2
177 4280 3
363 8929 2
670 2708 1
919 870 3
343 2683 3
1058 8558 2
576 3076 1
1347 934 1
1270 2168 1
890 3256 3
986 9764 2
487 6046 3
288 8561 2
251 3445 2
382 86 2
850 6313 3
348 8693 2
747 9001 1
698 9862 2
1135 1401 2
659 9053 1
735 4074 2
784 1637 1
519 3296 3
273 301 1
1139 2774 3
427 1508 3
237 495 2
797 7315 2
1151 196 3
624 1910 3
239 245 2
575 65 1
37 8413 1
162 7832 3
155 3831 3
1207 1900 1
1376 4453 1
1086 6352 1
327 9589 3
963 5907 2
420 9074 1
922 4795 3
715 643 1
8 6045 1
79 5783 1
611 5705 1
1067 8231 3
9 5675 2
1122 1518 3
1165 9864 2
937 9700 3
1078 6491 1
637 9703 2
1035 3968 1
1374 3642 1
1294 8328 2
1287 6946 3
1037 4792 3
304 1534 1
405 3238 2
926 653 1
19 3458 3
396 4832 1
300 7057 3
769 8358 3
2 7030 3
168 5849 2
814 5725 3
244 4061 1
320 2638 1
50 6074 1
638 7530 3
203 7307 3
1030 7116 1
442 3491 3
1018 2909 3
46 6046 2
947 1394 2
1325 3206 1
34 2677 3
823 6828 1
992 7316 3
1221 2702 2
529 7191 3
591 7164 3
1415 2868 2
140 1471 3
985 3681 1
902 146 1
229 3557 1
848 6445 3
787 1952 3
973 6619 3
547 877 2
568 3834 3
1210 9921 2
562 904 2
1225 3004 2
1157 6576 1
1197 3959 3
1323 9774 3
1213 4962 1
832 5611 1
1073 5210 2
928 3966 2
439 7591 1
11 7569 2
52 6510 2
1437 9346 3
121 3871 3
1120 7368 3
455 9106 1
23 1884 1
1074 1947 2
1258 7257 2
879 4417 1
444 8671 2
274 2589 2
1105 4280 3
627 3316 3
1236 7907 1
96 4676 2
741 5552 2
323 8204 1
812 456 1
869 5801 1
412 5177 3
1340 5673 2
738 1768 3
1019 6393 3
447 5180 1
1011 52 1
1295 4472 3
113 7427 1
312 4251 3
535 9126 1
1178 5986 3
319 7042 3
617 2230 3
854 3298 1
579 9196 1
681 6435 3
22 8963 2
1245 8173 3
777 8782 1
718 4432 1
403 8747 3
303 8521 2
918 6869 3
408 146 1
240 8719 2
1341 1279 2
950 5980 1
1284 4794 3
783 5898 3
346 5710 2
1259 2670 1
1316 5584 2
1166 4986 1
1206 5194 1
1431 7353 1
462 8883 3
151 4198 3
671 4039 2
292 7197 3
795 1786 1
456 8689 2
813 4736 2
159 910 3
700 5093 1
1196 4209 1
1194 8287 2
734 8575 1
6 8484 3
977 3321 2
421 7666 3
759 453 2
211 9047 2
790 2850 3
822 719 1
123 9797 3
539 8475 2
377 980 3
639 8439 2
592 7352 1
697 9176 3
808 5005 3
948 610 1
936 8472 3
1006 8357 3
646 6100 3
655 1410 2
1240 7890 1
1204 3896 3
767 6742 3
1358 6786 2
1091 8156 1
1181 3995 2
200 6299 3
604 8650 1
1081 8400 2
428 8533 1
860 3166 3
515 6538 1
451 4211 1
746 4619 1
588 588 3
964 1551 3
1383 4362 3
483 7896 1
43 9640 2
574 4826 3
1279 2986 2
691 5697 1
271 4720 1
400 919 2
762 6572 3
1096 2016 1
651 9434 3
436 6731 3
951 4932 2
3 1471 2
136 9588 1
416 7961 3
513 107 1
1102 5204 3
1177 650 3
1110 7926 3
838 1564 1
45 6882 3
1288 2894 2
1296 6850 1
571 3999 3
1239 3371 2
1059 851 1
618 4841 2
298 627 3
174 3533 1
204 8208 2
786 5406 3
866 9552 3
1324 5694 3
956 7499 3
626 1377 3
1329 5252 1
1268 4150 2
30 5586 1
959 315 3
606 3606 3
190 2192 2
489 5906 1
1257 9185 3
1241 7929 1
581 2239 3
511 9046 2
335 8441 1
558 1284 2
877 7274 3
828 4879 2
448 5577 3
354 4011 1
1216 6364 3
339 9079 1
1440 4028 2
138 8920 1
418 8983 3
254 8436 3
794 654 1
1061 1300 2
1249 6818 1
1095 1257 3
167 861 1
573 6792 3
1330 190 1
181 5110 2
621 9219 3
955 5162 2
1426 5415 2
1041 7551 2
939 2502 1
286 3438 3
1175 3044 2
1348 1497 2
819 8019 1
1393 4206 3
1311 8237 1
1106 3957 3
1205 1323 1
995 1373 3
610 7107 2
430 2282 3
1138 8669 1
1152 4830 3
1384 9335 3
1127 3121 2
230 1661 3
502 7252 3
36 2622 1
1256 4444 1
940 9756 2
546 7630 1
1017 4719 3