-12.152281839414 6.525194562713
6.533286711011 4.732328498068
4.036211946748 3.689544605881
-10.321571783255 6.844462751084
-9.825913919805 6.644680695211
5.972243964966 8.195641025201
4.838648742608 7.548931090939
-12.120246166688 8.860055168874
-9.597487955036 7.147927012890
5.671432645767 5.688284173698
-12.857253597209 5.444518472645
-11.606934188907 7.267415765009
-11.264450313084 7.075951603394
4.304207926557 4.812086804700
5.257204598000 5.994096618258
-10.065708079845 7.836267252994
-12.359124548455 5.923417141845
-12.657329040473 6.386393170792
-10.648909934086 5.157561866871
6.018030126860 4.797983188803
3.835600218442 5.135103738393
-10.478236699954 7.294742764454
3.349573386920 8.058435060493
-11.976470037354 7.242485776521
-11.384900742536 5.514265879515
3.847492725069 5.170497957399
-11.570808868502 6.343990404557
4.481022774529 6.454811930195
-11.724706661432 6.153479962396
3.476475703393 4.819417244226
-11.461462811475 8.231918960799
7.042829755065 8.264947853445
-11.167382498371 6.357651040665
-9.339036963592 8.186429769727
-11.676040476639 5.668761066427
6.730996536089 4.643346010137
5.704782775221 5.881507833766
6.560234993169 4.167784892627
-12.332729238804 8.507384021920
-8.975419248050 6.575815868619
-11.740718122945 6.410561884092
-12.541091122187 7.112989292651
6.665895890928 5.562017232283
-11.646726273713 5.880939320467
4.543505825693 6.702646837010
-9.719284677689 6.712545555451
-12.102089893601 5.649297198154
5.508192104238 5.548052379633
-10.927040086046 5.162229830640
7.153477519581 4.044099227463
3.565062290422 5.115254218680
3.581979158434 7.335494746047
3.632711737708 7.963580784309
-12.636900843254 5.242246770040
-9.909973087591 5.411321702081
4.944318581088 4.271318810532
6.813322936015 4.533052733954
-9.781631691233 6.141923725926
4.469148247629 5.494501174025
-12.875336158461 5.344186786809
5.915928756648 4.264633675419
-12.159395527590 6.211397125276
5.413802788544 5.334667442081
-10.566921417351 8.578235003954
-9.541743564904 6.957666332218
-9.334485779478 5.123689132836
-11.192825373930 7.477624436302
4.190430317570 8.151466366027
-12.770509688051 5.345337853086
6.000949059817 7.995554739718
-10.875587837727 8.480593427561
5.210553208145 3.839865919262
5.798192483464 7.437897082941
4.027338979096 3.407990707356
-11.630408385092 8.628764522536
5.231291005056 6.838701632293
3.875214935257 7.224000192544
4.250994401428 6.437104250403
-12.407608803669 6.139189627144
-10.047613043746 7.454678302917
-8.901549505955 4.999415108142
-11.012982565263 5.010444639403
-11.084706680969 6.933736553248
5.391736983492 4.626282755114
-10.786150430887 7.874960946258
5.267663990565 4.260983910729
-10.097312490036 8.761477029298
-10.831864181870 6.115938829118
5.124986974107 6.300902509142
-9.783119206758 6.178591203183
7.030809099163 3.429547986980
5.226135025776 3.952908778069
-10.051476180793 5.571254867750
-11.879347707855 6.750428236004
4.552735386276 5.368763881364
-9.806701078630 7.869693897578
6.816080246841 8.257344347945
-12.607321801328 8.362004135563
-11.278384883576 6.795890022549
-9.630067188395 5.345064720261
-9.669595270398 5.386547865590
7.068846713076 5.395051271218
5.599884259568 4.045615949338
3.852716735724 3.873574111137
-9.050577102325 5.827446096149
3.786638340978 6.581558241816
4.169143196089 5.029140056174
-11.448718957105 5.861230157786
-10.653434063046 5.795073905285
4.472826350097 4.030779851941
-11.916984358419 7.345303275339
5.110541439322 7.398442091155
-9.669569390674 5.202208156817
6.075304932716 6.980340344308
5.906652483410 6.243900938888
-11.687303406576 8.674419685810
-11.128186144756 8.197884397155
-11.810847335910 5.370069457448
4.374012601353 6.443156593072
-9.389167706952 5.484754769970
-9.769580581751 8.030998030824
-9.516316438114 7.489586707466
-9.974217488996 7.123251909672
-11.604499264493 7.423991025152
3.601226306881 5.008623975217
6.843154738087 3.583644136980
-12.133983541527 8.344278522899
3.663111852350 4.109228656839
-9.865954940698 8.136498388965
-10.576090707419 8.074002096938
-12.524611036999 7.994890467840
6.188192677767 7.492032886497
-11.255032281299 6.025452761185
6.124235097532 4.373917618366
-11.136860642361 7.648280519238
4.423142549184 7.084805240018
-12.617991295285 6.298385246508
4.155998653858 6.863292872586
-12.620964351005 7.015908016941
-11.376156909978 8.316688075220
-12.263619316089 5.222230594516
-10.766796948083 8.146617580103
7.107579572667 5.547737221482
3.852921782780 5.214211352264
3.971243962661 4.977615460411
6.952176498205 7.683153252449
-9.011610984178 7.992377896324
-9.856536478629 7.993178464303
6.446884538265 7.000063747385
-10.851999913521 8.890538638972
5.358419255872 7.112800010834
5.762120476496 7.443964144375
6.231293991223 5.320829645745
-11.145932847646 7.065839364980
-10.408675536356 8.439461187819
-11.540503971884 6.936364298695
4.824064615872 5.501229165200
6.226890677853 4.300969118195
7.017825823146 5.850934308619
-11.274138955927 7.938947691638
-9.926124793434 6.772091628287
-10.767057402636 5.636441373267
4.758376461986 4.096734000431
-9.794229864249 6.904552368517
-9.947446403724 7.787066354514
5.991672322098 5.898757766332
5.818413026876 6.176182096830
-9.353062898627 5.071464590713
-11.560914958377 7.490890731096
-11.783776248780 5.462757694350
5.969563635148 4.537590448254
-11.680749369261 6.086197885734
-11.954455142575 5.616123709479
6.382779508241 5.600836952030
6.570722145891 7.535581364692
5.684983038673 6.724100526941
-11.801959067850 6.620186736856
-9.737811869272 6.563228824487
-9.982867259237 5.020358733894
5.780244356327 6.379031918575
7.122970092339 5.973663933961
-12.542128088827 7.446290701384
7.318454711903 3.430024848248
4.530292998575 7.401571084226
3.772427503618 4.482492983738
-9.826028579899 6.781031731414
6.869729936858 4.315635907471
5.667634658940 4.565139602687
5.816655698796 6.554564588658
-9.837084037446 8.024337848844
-11.705164646089 8.698872835453
-11.169829476825 5.268661187493
-11.234983842813 5.215238744037
-12.670214155947 5.199822520073
-10.838646550820 5.308379843989
3.810182455902 6.609394679787
-10.559000953924 5.891016424295
-9.354287431434 7.275801792211
7.176228719033 6.058533306449
3.364348368663 3.381813978417
6.624873511893 7.120850195583
-9.884509351325 7.712988309223
4.672254896718 3.420048864763
7.156931654215 4.428156760403
-12.896085629140 6.671610933909
4.936610504665 5.829772881749
-12.243264032257 7.945314363247
4.075033667537 4.148188604424
-10.401351945925 7.309088048399
5.446491519361 5.726689357548
4.676649968485 5.544449190490
-11.114685692946 6.445361877158
6.982614411640 8.079308590181
-10.240126437012 5.830069771777
-11.614247074783 5.880286900252
-11.610071908168 8.808437291371
-10.138092034008 8.635724199725
-10.228030939302 6.002113812722
-11.075474734991 8.748398937491
3.929207096513 5.645420417452
-9.115307089930 6.354983641658
7.247501265889 6.712955922938
-10.816630116018 5.412905717707
7.216391616292 5.715195775544
4.965753466282 3.946438471461
-9.293598953455 5.744220204894
-12.020880542153 7.596324133194
-10.476855353806 7.726545948354
5.454883385622 4.398113550773
-12.613458349098 7.939407990845
5.073295273743 6.609291730361
-10.238251209459 8.132485201228
-10.790153401611 7.378263558185
5.816626172596 3.954747927851
6.861815508737 3.623828055520
-9.173042013265 8.788747082276
5.104323746266 6.237180269093
7.288834476143 4.752526240344
-9.296380189841 7.336694575239
3.404685953945 3.549111974402
5.979587787597 5.089989136985
-11.606657389072 6.164681004597
-11.392938639192 7.147246490593
7.078492358976 4.661377562703
-11.597146483656 5.921317753043
5.948187381050 4.037224569964
-10.362159146786 7.186421116389
5.640078163996 5.004004328188
-12.450818896874 5.616771842108
4.408287560188 4.907624233207
4.863782876220 4.037260784312
5.695328699794 6.923297302372
5.906782662094 3.536160706624
4.419466573531 4.064534136956
-12.259238916957 5.553107931848
-11.047445859899 6.353499820212
-11.361176430780 5.306192202990
-10.385169233818 6.361342415553
-11.595551691752 7.931591095753
5.135088461742 6.684082213714
6.960344146475 7.657107800627
6.843208130228 4.228970534951
-11.380678408017 5.181603414333
4.206917215907 4.861289006388
4.868076486129 5.846569495945
5.993982452715 5.549381350730
-9.501234219896 5.863586968042
-10.242992378230 8.568855323128
-11.419432725877 5.516949765842
4.106054370625 5.446731335817
-12.638465598468 6.726634945173
-12.523996639596 6.146670680192
4.052179657755 3.371816967578
-10.874715805026 7.295249269851
5.941723345144 6.030279605830
-10.743578815688 6.181495046125
3.975014825091 5.604534472059
-9.960853266982 7.265133496895
-12.459173582242 4.934823731699
3.876542064441 5.892352864304
5.010090951100 5.476693455405
4.008939207927 7.578524567517
-9.939994779043 6.629011013551
7.257644140486 5.689109791151
-11.418549334478 5.838016090266
-11.834361793406 6.866574771190
7.295900637837 5.983376305813
4.743619721396 6.539841161111
-11.185460091467 7.997180642693
3.895840802890 8.288377083000
-10.024456894285 7.296258440388
-10.887449269237 5.626177294286
-12.060665472603 5.413633790285
-10.805172626972 5.225073650170
5.462789800134 3.501501781601
-9.246253614187 5.113369995637
5.671686453646 5.653057215448
-12.699056345181 7.538878579449
6.354357082168 4.225653290473
4.045510581526 3.412571543779
-9.331101239751 5.068839732000
-11.539011108357 5.815726539512
4.207523094612 4.944028170498
-9.635336058161 7.123641204030
6.621303735428 7.557985670691
6.371673282775 5.036040082345
-9.946300651870 5.289208699270
-10.249187385099 7.463748376969
-11.004822826087 5.556512174650
-11.186060839456 8.234019405272
-12.768301944554 6.867487197059
4.054325719240 7.180159659952
-12.597361412238 8.240419959154
-10.280709339613 8.521423727536
5.224822292356 3.902788852493
3.699693011548 4.469590915116
5.878637507172 5.956025165838
-10.121104259386 6.974450455232
-9.660061360236 5.770512300075
3.439168541968 3.345245758061
4.585769717377 7.413278317031
6.671784262695 4.996962653887
-12.372131212211 8.610218603326
-12.073132558415 5.198779722548
-9.287402729256 7.273952251577
7.251101015392 4.451425362331
3.614148433025 3.556265462660
6.466415889898 5.240362911105
6.377085050122 7.337675200487
3.451919673832 7.839812472274
7.134499306986 3.936150255769
5.124910649958 6.425959472150
-9.794926290311 6.816401290421
-11.160230061105 5.963541081859
3.345426414603 8.171440539425
6.038607499654 8.106493625105
4.149141184913 4.357504284122
5.931203563710 6.679750147968
-9.493064055274 5.404029417246
-11.402532633214 7.193832005897
4.873466321984 5.075107465765
3.408731696420 7.422138484782
-9.499656654377 7.394255079500
-9.902051080260 8.842123330775
5.698416440062 7.344098115378
-10.746073641291 5.658902793311
-11.924877163492 5.373295953046
6.811914646763 4.101757331326
5.594622855276 4.878387619253
3.838081570178 6.486581957118
-12.169035746237 6.197259907904
5.596904648401 4.084684029783
5.602160989751 6.730578826776
-9.240862508339 5.525451880109
-9.183010479668 8.455973914300
5.986992600410 8.175201714844
3.508955707612 7.159502840130
-12.749630307094 8.188148799365
-12.218891864177 8.624974017664
-12.248774183176 6.664590312779
5.405924202976 7.510477352796
-11.777009671396 4.953379263014
-11.353555465573 6.169805680227
-10.045596963479 5.553645250397
-9.278898437042 6.297813762149
4.786023306101 5.444378628991
-11.368929602389 8.500068235096
-12.682632821730 6.027949833663
5.216395589669 6.855552513150
-10.418344561050 8.074233953083
-9.019134972411 6.498891563800
-12.268939363495 5.957710928831
-12.533450451460 8.279306045853
-9.237216208009 8.041155538161
6.848259455171 6.071354444224
-11.816495382468 5.324897068430
-11.361610356928 6.024325819342
-9.880995268689 7.439525343686
-10.382456442584 5.790023046388
6.855048511694 4.831825608579
-11.071614096386 6.376483960983
-10.155897951479 7.588052422577
4.783399216040 5.255943116367
-9.211192582428 6.259320110438
-9.994751948124 7.693818738591
-12.129802722838 8.355312431931
-9.396856427433 5.852715704699
-11.137879908874 5.155573971718
3.961349870619 6.852923992169
4.544617784649 3.912851192654
4.774621191940 7.901991360823
-11.491681380894 6.120635600891
4.664374461789 7.053041962689
4.946863514585 4.044549174002
3.540157253884 3.423412987780
-10.962519663098 7.425056246706
-12.514444394587 6.922809130301
4.043797871589 7.738773276218
-10.154327203335 7.062750220856
-9.950482232218 7.354001731288
3.679959344788 7.613990972168
-12.696799541734 8.516668370218
-12.849866188779 5.524320736002
5.450215037493 5.588352882043
-11.760807827704 6.769200275632
-9.413001772740 8.324972620848
-11.575517003299 7.899399325535
-12.328088801056 5.858492808356
-10.460547094496 7.229819540804
6.831514694875 6.119740909412
-11.223212544639 5.450020444472
4.399823015192 6.450306607016
6.543576980630 7.669340411101
6.809861018216 7.402694122543
6.719894172672 4.319736577144
-11.364856125811 8.551719711851
-8.957237440808 5.400035904955
6.875619943098 5.646180945669
-10.242473480313 6.928439271569
6.474892262140 6.722789125414
4.432170444673 4.751947456045
4.365050279649 8.169754540821
-9.984120197821 8.888461425631
-9.663096199522 7.562618621607
5.656286179273 7.291632718847
5.843685515756 4.321329222397
3.785823879189 6.884541851299
4.477326361659 3.669196929674
-10.620096306880 7.975712341208
-12.365688363279 7.723975571023
-9.638409536034 8.140516115333
4.125145988003 4.111429439966
-11.160114757594 6.798834578160
6.556367737010 3.495700057643
-10.229808747571 5.867961218065
-12.885483138550 6.851992171954
6.935870951517 7.978502289781
5.924382281436 6.319379352916
4.623990555158 5.732691318001
-9.582043023146 8.824565635428
-9.441354099884 6.767377292471
6.586445390534 4.966553360347
5.076583757336 8.191497306703
4.430783422904 4.208224471900
-11.534870087466 7.912351254130
-12.867853088419 6.507997759883
3.846347055438 7.120290030624
-12.757304648999 6.724396523801
4.821725332757 5.491475157684
-12.810985427825 7.067472248906
6.666268198345 4.100985629354
3.975850923708 6.877955657078
-10.211618699135 7.728425310335
6.269942193364 3.782275368715
-11.822325884880 5.362246731706
6.078415763119 3.836564210952
3.441333619381 7.302652685789
-11.362216815169 5.044308103766
-12.382687967441 8.807284388941
-10.251059922131 7.214280718537
3.358613994054 3.652914426298
-11.919799200302 6.433349565722
4.444004810742 5.354369418122
-11.045569395855 5.752632001279
-10.880896520709 5.584662994006
-12.500070459480 5.775002197719
-9.791463567219 8.452332945415
-12.892864026331 8.006966520669
-9.179889307144 7.467031140306
5.813728998870 4.790998630519
-9.828145699800 5.540046296198
3.364698045949 5.539771628961
-11.615151287230 5.127742864610
4.293859019121 3.820244405112
-10.504272504171 7.195102353083
4.254754101729 5.692810506148
-11.899560272648 6.812641795228
5.479917735428 3.763666551442
5.479963985386 5.139090628405
4.163140242669 4.735184465646
6.611180224807 8.253103234145
4.054163063798 4.137874977537
-11.313722344467 7.623506801526
-9.066412621241 8.736566700395
-9.903413241013 5.866428321954
-10.600719043428 6.137067040772
4.872810614140 7.624981858297
-12.531055416933 7.697794807179
-10.351468555118 6.849025998940
6.154124030774 6.690894193084
4.726638228412 4.759651076738
-9.278975930415 6.428529701628
-11.437961573998 6.022203364717
-9.259043546134 7.740471843013
-11.575590218281 8.355386853566
-11.337724135656 5.398706227084
-12.150348855112 8.237205697634
-12.531650152212 5.395366599309
-10.480133459687 6.853711619798
5.087354255891 3.578729255154
3.798852558677 3.986351458647
-11.740273883552 6.411840210991
3.830545758221 4.143311008845
5.601367243367 6.307480330439
-12.027171284172 8.162354232105
3.543327672812 6.466411740690
6.331513105661 7.623646587692
5.992960593664 3.346909973112
4.864853116372 7.617046806662
-12.550082158610 7.157664199855
6.411675195363 4.912521884802
-12.613718433511 8.385259546326
6.024600205320 4.599787903498
-9.431363903165 8.542419017637
-9.661870155158 7.103900047549
7.140907493575 5.343194499323
5.259154046973 4.646743728895
-9.356315187299 7.128645590975
4.203879006998 5.345453736788
4.885262397750 7.588061086093
4.600916220039 5.016829141168
3.577501954372 6.236903987785
-10.153988513419 7.395455958048
-9.566204836249 6.664850998487
7.095464421246 6.026581191486
5.070237572202 3.804075366182
-10.677531707589 6.793496731193
-10.479497017739 6.511793179981
3.594273773277 6.678473799557
3.715255846814 6.520175795336
5.604258102770 6.414814799564
6.739269476674 3.766951889543
-9.863081866777 6.379927819721
6.730267594326 8.296559393626
-10.107901455670 8.695260191033
-12.161537244654 6.317763267309
-12.411257417828 7.230124382241
4.455697180267 6.485573306545
-11.690739349455 6.758045865771
4.718428291330 3.597673938033
-9.962614660717 7.329936181797
4.541901412004 7.564462936735
-9.433294235596 8.848698955925
-8.947753609507 5.723238875901
6.996794190032 5.032242412765
-12.203741503777 6.180564967471
-10.876693871510 6.236746381708
-10.280501276450 6.484198202424
5.307205401919 4.632078737473
4.773223719551 5.720086074889
4.942036930921 5.385281408847
6.572328047498 6.262793144354
-10.884898653237 4.995795145603
6.683659858370 3.984715826620
-9.709263748545 6.437530824168
7.275673929702 7.850151003299
-11.044438950300 7.177354076315
-12.108210103042 8.570981037799
6.220693969572 4.271026441056
-9.160672926434 6.434036529289
6.973773246309 6.643294844988
4.451586335455 5.507305224918
5.247401977851 5.045812605771
3.442193060348 5.548509447736
-10.552520274086 5.146593950163
-12.752318792353 8.310599434839
-11.557008709822 5.463901884496
-9.707680972722 5.322566309105
4.629756820137 8.122098883817
-11.742654935477 5.334111379977
5.885421619577 8.172998251596
6.275394731189 6.715483703242
-9.948689803170 8.509788115259
-11.662242568651 8.240422194790
-11.174867719494 7.547045423877
5.354912367538 5.624163441321
-12.469061977588 5.590077032827
-10.999476031572 6.774700044277
-9.269691101490 5.230702109001
4.925681602774 3.572380563921
4.587488756974 7.732595956082
-9.634825905441 7.017778142614
-11.982026142122 7.184815622085
5.676696406947 6.105074413366
7.116825029114 7.908163206297
-12.794150775260 8.697897596369
6.596895208669 3.917808601857
5.999134053244 3.899394004188
-10.070634346232 7.501607021270
-9.192272156470 8.006981968637
-10.409053796192 5.428047804399
-9.654911606139 7.201378072853
-12.864735198342 5.952559481963
3.485682922169 7.879551086056
-12.661114932702 7.209074407231
-10.659699278723 5.129786927435
3.629390967999 5.811800640136
7.189181634677 5.618385418170
4.775077924443 6.058206612465
5.162847017694 6.589876084166
-11.630793319765 6.554694401500
4.349882684333 8.130100914212
-12.836736180231 7.204191141796
-9.291137994144 5.940753090817
4.804234111504 4.146989284939
-12.088941419363 5.082182407396
-12.866144338000 6.784002953202
7.198423650315 4.109149678945
-11.467332245498 8.293197073799
-10.852797466175 8.399358677912
5.426378295686 8.313321278611
5.910873297728 7.864181038099
6.976555561318 4.880775642562
5.311855412625 4.167977961238
-11.534923767373 8.325812370807
4.429705870316 6.695278765103
-11.085334389604 6.282434929882
7.064511980194 3.393720555335
-12.378149363209 6.065276516074
6.812861037549 7.628223192581
-8.910887121112 8.302788424671
5.139847339901 7.921663584242
5.836721219595 6.129742775493
-12.048955415852 5.482054859755
-10.674942412364 8.073246036748
6.545036869926 3.662128863437
4.653285514331 7.403026962040
-10.074766513966 8.830054541548
-12.346004287055 4.972491099279
6.564935241058 4.149870408463
6.059853881720 8.200046560687
5.187800859973 5.736845633369
3.538407791708 3.390697636371
5.734201509496 3.578466915166
3.705880924841 7.687316885339
4.615079706754 3.802999685665
-10.386357307512 4.967770285925
3.508953452042 3.810054065240
3.490885256272 6.612451206234
-9.734331122499 7.161134344998
-11.204571125530 6.552670731788
4.365886248569 4.615305881989
5.247959484425 5.817775143671
4.014349860609 3.454884766728
3.439767884603 5.152255202232
5.040610380646 4.950514489217
5.249676080594 3.545405630313
-11.747095210796 8.528304000131
5.711903816944 4.016532948708
5.640917874155 7.330050495582
-12.699925560063 7.457558183739
-9.579567303883 6.815881360761
-11.606128962962 5.288243565484
6.903784054748 4.572247773710
6.048696913955 4.364660746708
-12.594752284233 8.688613098504
-12.682960362037 5.083131805748
4.362435705322 4.767971987797
-10.403975275599 7.635544825424
-11.764561360159 5.734386419101
6.919705068709 4.273135938794
-10.470803398289 6.760574184691
-9.191551849588 6.293612024661
3.836519160150 3.362016964097
3.505826447244 5.225758314514
-12.838043758826 7.303450958929
-12.084507462129 6.622234740416
-9.284399398181 6.704479733116
5.174137594601 4.510784378156
-9.317391547399 7.699001269702
5.696908322784 3.409644609895
-10.077719895574 8.617598326799
3.728673485233 7.734579377338
-10.088751133396 6.807737547234
4.508679975337 5.414004924171
-10.143394064846 7.311359593830
-9.157090164988 5.079710759315
3.853474056315 4.461057107793
-12.360435708098 6.239052713781
4.687634650205 7.070682887208
6.447467545268 6.103243530267
4.075508586174 6.025944664903
4.930412986756 5.489840531339
3.758887425514 6.526946494407
5.012582437061 6.974273140445
4.726497489875 6.590588925188
-10.129215448530 5.148251489881
5.909599157094 3.930048441961
6.675995843638 6.724503769082
5.522456976252 3.914903189090
-12.634017219291 5.706712376809
6.647616978474 7.323260095245
5.155774671711 8.297744893179
-9.261456162592 8.680901415373
4.831706125133 5.859116684544
4.354955594354 6.665800791958
-8.937513957326 8.095610754146
6.870165839058 5.622537560203
-11.564427418666 6.889724667297
-11.754988468506 4.939944297326
5.005562312536 7.141626142848
3.499956156498 5.800911962213
-11.988960108330 7.043806662383
-9.609241239791 5.703975983966
-12.109876627103 5.776900317663
-9.441619545490 5.774844367844
5.291595855377 5.287549409179
4.298461591734 4.828373822147
-12.585871634256 6.853294058626
6.253098123355 3.904906377200
-12.614882307942 6.194212194527
3.951166341872 5.777649647366
-12.241639149612 7.002811273860
-11.855155908170 6.754768218767
6.311851972472 6.337614570139
7.031731865534 3.958995842779
-10.907910935267 6.440168079827
-12.736846839451 7.621149446577
-11.486638699413 5.338027383736
6.144775601316 5.346253520901
-10.747068897464 7.442783610915
-8.963864283078 6.030896338188
-10.937014072629 8.464486461220
7.131243899461 4.914988157908
6.512259110495 5.594816566637
4.107360256291 7.346947028974
-8.952764488927 5.127384241238
-9.497494374613 7.591016836607
-12.379742605250 7.635228372290
5.961919043807 4.646918850663
6.235627998140 7.946646981265
-12.274795999575 6.849794046984
5.027662211823 4.416228619772
-11.232575779497 6.316900892286
5.449203948365 4.238675144209
4.323507874902 4.415566200135
-11.458680746023 6.862886090843
4.134208811307 7.105733513165
-11.106303243639 8.558789754005
-11.003651802258 5.417896833256
-12.024197229924 4.977575094856
-9.032210907042 7.462834421704
4.348562041356 5.314198538068
4.616180215146 6.728618459508
-9.258494411624 7.867194638885
6.105117374544 3.513773192871
-11.932757865524 7.139245396294
-11.876718721361 7.099696425798
4.846633169389 4.334737419852
4.451160221201 6.265970882426
3.326286378688 6.980300853219
-12.113095248446 7.343431323317
-11.801720018073 5.083398943067
3.767921536698 7.785240392728
4.393371500200 6.352820798167
-12.388660962479 5.086691752413
-10.264062578542 7.114160850519
-10.057519181272 7.465547602394
4.615167898187 7.813599846860
5.223266914412 6.207709018641
-9.271342016195 5.382162630608
6.567763012636 8.085551604725
5.401240847149 3.423774625513
4.295886169828 6.029287672387
6.202160525671 3.661870903250
-10.128997103770 7.933914468588
-11.332916317339 6.214887125705
-9.225464969287 7.694842299250
-9.877767053911 6.798310614787
-12.782952321082 5.654677213804
5.767944998495 4.159071695269
-10.892609593627 7.937138696212
-9.765492513341 7.577207302514
-11.957299919675 7.515403801652
-9.903159487019 6.040070270050
-11.596240666868 8.655667748992
-12.204298022296 7.474855190431
-11.270444173047 8.658532913597
-10.485684397259 8.822772748545
5.094332134981 7.382125967467
5.115070794035 4.757086111449
-12.195623138549 8.331197190647
-11.529240980039 7.381130847378
6.150129165711 8.289526516108
-9.837888230793 8.328314435027
6.266651763852 4.339017111428
-11.146617142584 7.927553064862
-11.842408469060 8.210373621929
-10.485330390957 6.845661169378
-11.395518764103 6.786711795350
-10.947991676422 7.335350774335
5.035813807567 7.365752416762
-12.172935349300 7.198461834404
3.340252470611 6.380114238823
-12.495935433288 7.231220461525
-8.909882855198 8.195795077437
3.540732362251 6.899362639796
-8.996590557656 5.153683154497
-11.870667513440 6.893967245898
-10.701500294914 8.859057238460
-11.078418598018 8.291916572496
-9.568345134881 8.476176650553
6.271798105130 6.126865632850
4.051386849793 5.608261100911
-9.010585719461 6.217474877478
-11.812940796439 8.686519780728
4.640978902875 6.530716755034
5.621824116460 5.041933756220
5.153709853687 6.719925990119
-9.751526242865 6.442789335965
-9.050805580497 5.598516731561
5.500356044331 7.051021009156
-10.559690088485 8.125321553483
-12.069061715702 7.463855229856
5.065583358697 6.403906506650
-10.822494605367 6.048948942815
5.048386427048 6.006235352550
6.219500629033 4.897943611342
6.900927072631 6.356384706880
6.395968270592 6.662174237840
-11.448608362719 6.081601795249
4.325299727984 4.702430075969
6.058420919766 3.636491740837
-11.564383349213 7.368060551786
5.127920733869 4.223748983648
-11.720004870306 8.451171395018
4.906537852831 3.325184743963
3.956239391745 4.494584448667
5.434371121745 4.881610173363
3.927298856966 5.122964400228
-10.376569699514 8.866317401975
3.522005611167 5.933416006478
-9.643417867169 5.814001654023
-10.796719682626 8.855739566881
3.731350245406 6.047185105122
-11.485906762919 7.603517162130
-11.062222463138 6.897129865774
-9.929162532037 5.620575647402
3.784269775317 5.029485961520
5.391571127541 6.964423064708
-12.259555429537 5.005825175478
6.175962067196 6.700363044462
-10.048304416293 8.037763345268
-9.507593239393 6.895130281440
-12.877510419522 8.175971343441
-12.360847260083 5.159655376079
4.642840416198 5.540561404594
-11.590713725653 4.950165707617
5.460663305852 7.393589915865
-12.080379916074 5.179268606937
-9.697730011064 6.284598803086
-8.952621691823 6.993825044586
-9.044382220403 8.571258758293
-10.520208728176 8.503391008411
-10.829707235301 8.235010701194
5.298827441771 4.159853411968
4.056077709502 3.594885303717
4.586353479374 6.842913296146
4.306030580187 3.833299317943
6.677652619085 3.918785339148
-10.156312065884 6.985789166381
-11.135363457173 8.133588059849
-12.805506888250 6.349884932553
4.268022048945 4.015606227119
-12.053576455028 6.720320849101
3.496574781254 4.886843243137
-10.705911377420 5.480965163942
-9.850374712335 8.528523945556
-11.631223987221 7.918155937669
-12.865278830819 7.197866988504
-12.050808887482 7.270838087303
-9.915731035912 6.294059659822
-12.786729818903 6.164676067308
-9.018254882571 8.096541218487
-9.132727094769 5.581775383226
3.744523223196 3.946156562690
-10.417496714288 6.511634357968
-12.143631027408 7.072039032857
-10.876031045274 7.375740888756
5.901503484314 7.813302787212
-12.228578068750 6.369043645725
3.912265006141 7.040775085583
3.327045241072 4.671336284984
5.221430375838 6.025265980816
4.542938253854 7.209537336707
3.344957157963 3.386023480197
4.676672908254 7.584229577236
-12.080302612478 6.542451947596
-12.110917331210 5.625883725070
4.650680484869 6.260559529920
3.495324221743 7.407112100960
-11.350760817778 8.374734288815
-8.957180871020 5.866116743941
-10.678153444589 7.605733318304
5.912200366418 6.529047073903
3.568189689784 4.779046539216
5.250037693186 3.854752275366
6.791474619311 6.037099821674
3.671777916482 7.946575921204
-11.550480668094 5.285441683942
-11.881240406770 7.203833800225
4.744188298087 5.444721561869
-11.298482924022 6.674491459428
-9.789004830363 7.519597968223
4.677655904186 6.435591275635
-12.220844683903 8.457034752356
-10.387710336592 5.782265924720
4.447427374245 6.290089796395
6.534981885182 6.054942283568
-11.189434875033 6.647008100197
7.160565038651 4.243647803952
-10.493795053706 5.373255512767
4.514714178970 7.486844124936
6.685822721698 5.990845955403
-9.985965743576 6.435487057858
3.854974064573 5.218947537511
4.165735896170 4.718233895125
-10.198538417307 7.995730799494
6.064095362335 6.988789649051
-9.784241748188 7.537576940296
4.775425478491 5.218744603251
5.459157367701 6.196474934201
6.784983501001 7.028973725551
3.847147963706 5.604032519503
-12.868252311205 8.450120447944
6.443484052822 7.889680621225
3.762817196404 4.420977060575
-9.101721245143 8.898121376160
6.708025257075 7.670074586713
6.519343852095 5.171682477998
-11.830717413709 6.788847199800
-12.569483743109 7.386990149474
-9.526772993225 6.665519093841
-9.514242396697 5.180878404394
-11.722841970855 6.128812931233
-12.578233987925 7.651903517041
4.296681601545 7.645852712757
7.190475656321 5.860534969846
7.250073444875 3.333592306571
6.690420065435 3.508919481545
-11.473060895346 5.594145422652
-11.221560468259 7.174492856961
-12.666304759904 7.683400748893
-9.162627076566 5.280419535641
5.601404169349 6.577261296349
6.979625580945 7.144800241584
-11.447965842823 5.146329862765
3.343259166335 6.782330432357
-9.177975351945 4.902642839757
7.004831047019 3.961359834266
