-0.752813204652324	-2.08607287226674
-2.42894640313922	-1.88828916388706
-0.4286167995471	1.72820922935925
0.352872146019608	5.38923398800629
-1.37251314098061	-0.658746672999453
0.974609732546633	3.7220792431969
-2.39316462987999	-0.75739416104613
1.26646670228608	-1.9300237899467
-0.8061009648067	2.49458155505372
0.964771915178909	2.31973799232251
1.20407233410901	-3.83446190855991
0.444161627711123	2.86033547309593
1.56229141808185	-2.05726479748736
1.16951965384857	-4.27915563987151
-0.940255485010873	-1.1904224545788
-0.613339886770326	4.64752340060337
0.365503302450329	5.04294157831952
1.33116472211428	-4.12167978806156
-0.416816100014034	-3.37329913310129
-0.669636457995766	5.6105390608647
-0.336531530798838	-4.18865361438102
2.46180456172758	-2.12238958923175
-2.09935304262263	-2.35821601256193
0.344609532070563	4.9379458625612
-2.32828891917018	-3.56396748720148
-1.46081172163123	-2.73759518084839
0.964159188517844	-1.70426330343948
-0.621491541894099	-0.844797572663948
1.65587715309185	-4.54996835600539
2.80970826785861	-1.21464558733548
0.34087679142089	4.660714076294
2.66877214051467	-2.99344745943709
-0.664961678140941	2.76427199756717
-0.646368787248881	-3.26463834813215
-0.984173725205709	-4.1502378821432
-1.79627374520617	-2.61019921071349
-2.41808018863284	-3.43586381929562
2.53507399323966	-0.832344922773191
-0.795209727739822	2.05920305792224
0.0376118678533094	1.80015425476488
0.871571879324757	-3.87192815702171
0.144924776518843	1.89698973380727
0.463038258169624	3.35649334879363
-0.91324220036879	-0.492632948900452
0.855537658763585	3.45027599577592
-1.06774991361404	-3.23390317796105
1.06491361045506	5.51581662658027
1.14024037736222	-2.36650215258132
-0.309271551961822	3.37057107936517
2.5866441188625	-4.57805011933522
0.797248337917209	-2.27586364167797
-0.480412289243831	-4.15684823309795
0.824868762584665	4.60938548201313
1.91029105436664	-1.13891693404708
2.469319515227	-3.90864482193212
1.42978244867383	-1.06429772246934
-2.3540864004197	-0.434249818385056
2.3516802581942	-4.04640374727162
0.391533743808413	4.19746528982467
1.20502957326582	2.39477753039003
0.551568914397087	1.70770248448562
-0.54764581241283	-3.1085591024628
1.16680839817011	3.2017020701624
-1.96952935913614	-1.06421044109078
1.14947775017776	4.13206424348716
0.557890454348073	4.67774020737663
1.19110262423201	-2.76471477761691
-1.79322628521954	-3.64359746784699
2.40216080648502	-3.17793142659586
2.15252777337858	-3.17602927374674
-1.41932091374082	-1.29553406696183
0.168485092396555	4.16589471522885
2.12713479566871	-2.46292226086034
-0.509854962520577	5.03624536459062
2.69684955381413	-1.74685774663641
0.864062848890775	-1.16173200906981
-1.86899739886458	-0.942823274744871
-2.01418503291531	-3.45463313827669
1.10560097864442	3.46942585013004
-0.329287543841027	-0.267581748616641
-0.313268529752428	4.57428500547332
2.18776593727608	-1.32771000282873
1.71414520232324	-3.5484713208481
-1.63700828359838	-2.08259917285919
0.125148707514179	5.01417138066056
-2.49203785941709	-3.67304826377245
0.911255638125007	4.33859029001975
-1.03264887189731	-2.12608868760546
2.23354935346619	-3.1925028456118
2.42375354290664	-2.89720743999959
1.06269778762268	-1.34780721715951
2.5678482394068	-1.94009188898065
-0.757236968224605	-3.79080162838982
-0.208863293487702	5.06946280691446
1.25362979943747	2.6805568462564
-1.18127431437688	-3.24539423374213
2.59474021746946	-1.26071619699737
2.09952797526747	-3.22222167456754
-1.79015532441123	-0.238697782733603
0.136290237953896	1.79957855420729
1.32137954182696	-4.44866969547846
1.00747930747437	-1.67489003127444
-2.32466828282526	-0.281897923305262
1.30869853486781	-2.43905568001287
-0.372533087447858	3.67087461082372
1.77916843179348	-3.87902828586175
-0.608074461731703	-0.503834507615239
-1.00798663627275	-2.84102378643383
0.863201597633994	-2.90818930622808
-0.102384484789633	5.50190345199636
1.30824688784603	3.56257048510477
-2.30323395386077	-1.95348623266191
-2.25477356923128	-1.91217947039235
0.688982002185622	2.3173720065486
-0.0680378125337947	1.98600603789441
0.0522841343219986	3.84764130255982
-1.60421214273002	-1.32173498336962
0.790019186735278	2.72550383990226
-0.259849435535492	5.5532676638975
0.215025353601575	5.66658264692787
-2.5709366295723	-0.337471057003998
-2.40522610776676	-2.47898343729954
-1.68715416026123	-2.3753318503756
2.37995030105628	-0.835725687090484
-1.91440354558217	-3.2307152676569
-1.88883470668636	-3.6419607535487
-1.83466522727089	-0.704831595186692
-1.15498169337052	-1.86386588116245
-0.677640405761593	-1.17568907321792
-1.26154107064974	-1.32260503503256
-1.76454624534452	-1.35942515172337
2.11793249065459	-0.841620598186358
0.922669639848001	3.43072930546502
0.424566616530867	4.71769561283308
-1.90068472220451	-4.20082612776665
0.997966349055314	-2.5836022881167
-1.46234059883793	-3.94986138626076
1.86512391089601	-3.49574196986388
0.683953818737019	2.55412686552184
-2.18241811755859	-1.04366397574252
1.00516166941176	-0.796417273687436
-0.889338919319724	-3.62169870356903
0.781024805535033	1.71831821496923
0.741897455134752	-3.45627479626352
-1.7807191327164	-1.78180436361654
2.29267765367529	-2.36684189732534
0.746148903683228	-2.93065618796795
-1.08595944189537	-1.5669768652023
-1.40060227545556	-0.404467371272764
0.501252240060434	3.97068396016424
-1.06664616021883	-3.18142183350915
1.10317390748823	-3.80506061948859
-2.55578794638511	-3.09003436646775
1.72537470282629	-0.638679361212979
2.23317232227139	-1.79364915266013
-0.27537817449581	2.3680567330013
0.284931669955	2.76471652823698
2.4231705999214	-4.36514278964891
2.68794275856801	-4.53558508560687
0.237948051348585	4.12675274150623
-0.725154467058631	3.29295194726308
-0.838831374302364	5.66723972794685
-1.51994072099585	-2.54713663218509
-0.614670909566916	-0.464962056100199
-2.1201973671055	-0.378410131546425
-0.596178327764734	-4.07962188903102
-0.182743721296811	5.30182308544988
0.788801211662535	-3.806185841573
-1.50566989435652	-3.87073963520106
1.22977542723167	-3.98472987246832
1.44521056443547	-3.33015774091772
-0.363657203296385	-1.62286573811855
-0.0088993222013599	4.79768419515363
0.805645931955599	5.4295269301692
-1.76560585214139	-2.86090254310834
0.163422523793727	3.94052936322962
0.248772161242358	4.06699970731674
0.105899554930213	2.6343071804095
2.59780786603633	-2.30295890285972
1.33184818144697	2.35010145451323
1.82415491178873	-1.03479110589337
-1.15094024759635	-2.22106458586985
2.3497703851223	-2.37373617966466
2.08780456542781	-1.00926827014762
1.09194936951175	-3.48961494660029
-0.880106968786155	-2.98374171044643
-0.823104686598997	-1.49219265565994
2.99391529356141	-0.694926869687432
0.184876708896568	4.87282508842381
2.13280683753711	-1.28842516625712
1.0261702218534	-2.59796974154533
0.873366728416833	-1.02530582957418
-1.31117892143508	-3.92390126527152
2.41606951717452	-1.05931509809233
0.822846632635156	2.27989119802219
-1.53374614495908	-4.00384893994872
-0.389572767267563	-0.808144251106081
1.31766148463272	-4.51375281301068
-0.537563795218329	-0.635421659360547
-0.315728964498501	5.73641068505269
2.77013738914256	-2.48572683511127
1.28356245154889	5.7157187663401
0.121433744544728	2.64540131780894
-0.767538830708394	-2.71289776154991
2.05002067294858	-4.38419836355561
0.672297613891319	3.8930493653129
2.97150471265124	-3.28405621603438
1.29663384281681	4.88415022214643
-1.3433282368061	-3.11072362147753
-0.691258677119775	-3.29502757849667
-0.795703674826252	-3.30869831653388
-1.64326579892124	-3.46550849204659
2.78212441922326	-1.54341377898951
0.723866987248688	2.76733267948995
-0.842660716760557	-2.99699480009537
-0.476196037132877	4.51438718102555
2.57412715650682	-2.01645791165128
0.941113738849275	-0.873184896674431
0.308060879224878	3.17229413825788
-1.79488138896532	-1.35582436303162
2.67794446883136	-3.04639410856434
-0.251395859582666	5.16495730549831
-1.83766247085968	-3.01645875738719
-0.559512102835258	4.2954551473521
0.556101550944454	5.79189364603771
0.149898437479819	4.50463755056644
-0.203644753162345	2.478658085679
1.81385853440754	-4.24696163571523
-0.241172464716241	2.99981518406526
2.5476850504437	-4.23163236578972
-0.771107254429839	-0.915366597441395
2.18641296280551	-4.13245018686417
1.02852198388636	-1.73165407944656
-0.835295231239164	-0.796866179472476
1.31352194222774	-1.83931245884876
1.27869385402372	4.0231316277734
0.922231206351309	-1.83923729052692
0.837162514478314	2.48665861920019
-0.926077333842954	-0.569325634194927
-0.289080454888559	2.11187008081381
-0.293194208717284	4.09525642362083
1.32605735618631	4.1637368451132
2.29440363636969	-4.23108127991426
-0.130896023684749	2.85970986076752
1.13972435806806	4.49617008880007
2.65944132268937	-3.93246111404102
-1.37731597486131	-1.15411959484771
1.76485059864148	-0.615606456034776
-0.881150596906772	3.79928156139774
-2.50198619549845	-4.23507763633525
1.45458742943753	-2.60253818808783
-1.83283443921643	-3.2786346997021
1.98854746717602	-0.55263931592741
0.162079342932814	3.20906098228392
-0.646937305376031	-4.14549359947519
0.299802424443756	4.80195558174054
0.966450204415211	2.53443463827983
0.643113469593774	5.44870352419778
-1.40404346763341	-1.76266904231744
-1.86934043189448	-1.40298448947544
2.83112636282189	-3.55825482394102
-2.31688047585524	-1.82068990861978
-0.117343562947664	4.27010096520154
0.879736068695267	-2.19568883815658
1.31707297604474	3.68329479554676
1.04356290666424	-3.34385560058445
-1.99146667091613	-1.38749889270989
1.54457248028619	-1.46919567065703
0.738656902284602	3.03225156173115
0.79477251217488	3.36816775583002
-0.747836806858758	-2.83940197552066
-2.0985389841066	-2.33951965457969
-0.604801289973121	-2.29681889338476
-1.86425560629735	-1.86003765072702
-1.83434999857243	-0.768789520412383
-0.431577814065051	-2.99765936362822
1.21265985964091	-4.17230944008087
-1.36975202269282	-0.708260284420006
-1.53305967259761	-1.93717933463354
-2.01559230864255	-4.16424888777671
-0.461180455487273	-4.07127524098725
-1.011795772985	-2.40583766733337
-2.58628337833873	-3.78609150013044
1.35619396134471	-3.8898927820761
-0.45193438488688	2.12243358898647
-2.40688648590073	-2.93365699352567
-1.12707601818053	-2.53495411836367
0.984008205236469	2.69283477762408
-0.591336055996253	5.6331953476554
2.12117193162206	-0.536927540022709
2.98397011038213	-0.937082551571151
-0.282141754481719	2.00820855047584
1.53436506075932	-0.542126711713747
-0.649937513898086	1.84328127033976
0.360256053320872	3.18932164172564
-1.33761632742276	-3.01603988124569
-1.2965243713232	-2.92164597785101
-0.557406731501011	1.98898883964516
-2.25179134153311	-0.38204332888835
0.868177695636635	-1.79411238997327
0.0249518857870452	3.33586551102836
-0.208159235268999	3.41441423785875
2.56386275234839	-3.52819797009779
-2.14335601963872	-3.83524359345556
1.73803585440899	-2.00956424310122
-0.744481449726367	-3.73102399149736
2.76006634575735	-4.51397334447819
-1.06985452044469	-3.13481507310629
2.4627444174407	-2.37515776860136
-1.54333920129461	-1.17745067132282
1.60062292169611	-0.685521072220732
-1.75754289681334	-0.664088253331046
-1.6900827890423	-2.01724443818325
0.226957744634992	3.47605044395869
1.63621912496784	-0.609530646300967
-2.55043589425197	-2.77514307782731
0.0251540512773141	5.39503090444886
1.3868746224783	3.67970914279177
-0.816600093837039	4.46457465841908
-1.39973636269496	-3.52535121180471
-1.3882132401591	-3.5883555564677
2.61520879260786	-3.77782878236562
-2.45424941396372	-3.52993591905372
2.58316932432295	-1.11017265613499
0.518454514677491	2.36733849173599
2.03627141373876	-3.64638399056244
-0.104777224435642	2.63113551195817
1.32444089401254	-3.91321877453457
-2.58591846164471	-1.23693671283031
0.401131563632188	2.08413295267634
-0.428120596306216	2.89953803872668
2.53248193747473	-3.96172611379451
1.22658770412558	2.82720678182556
-2.32737762163735	-2.97714343391642
0.952855510624214	4.26853172618708
0.140260956964367	4.83584962652738
-1.19679766859655	-0.313706803512553
-0.954037683289284	-0.636731855039656
-0.497635502491779	2.87048129830443
-0.859089487928998	-3.81802305750236
1.10034527192164	-3.74227920354822
1.33072110830254	2.72770745552619
1.26857531418137	-2.57456874576755
0.844066065889267	3.55782960839568
1.02977966454003	-2.53385399190128
1.1395952087651	-3.41796419772165
1.62010552679202	-2.05828304353113
-1.3610419311461	-3.53284036204527
-0.417479765695346	-0.428329459659492
-0.569161908410133	2.09831924228594
1.24131278435081	-0.693130998310036
2.3682624213569	-3.76253679882317
-0.900568756344889	-3.89027522493673
-0.17055078720442	2.8778992261128
1.45339256073283	-1.91006804370212
-1.8969977477714	-1.09857722098427
2.29283385081778	-4.29655150633692
0.553481445921787	1.97163408424089
-0.529049959183526	-1.71903218191512
-1.77559585924149	-2.61763189689433
1.07860426979423	2.02779068009828
2.87288745583061	-2.43744322191388
-2.25386766829628	-2.77641769275088
-1.48719597694812	-1.65915703068273
1.98616330354486	-2.78110475458837
-0.763059849266997	-2.08138354792214
-0.925281563486801	-2.18743296097315
-0.75490052363466	-0.904807631596559
-1.13093211591187	-0.490365448441171
0.78293765731228	4.4435260241595
-1.92760487297827	-2.84154283834497
1.00184837179656	5.43927242922856
-2.16876736151647	-1.41856754044293
-2.25920597163869	-3.95028445566127
-2.07310388825288	-3.55535145850594
1.87243916483941	-0.948748376441477
1.64323027711381	-3.43652458302613
-0.51798815435974	-2.57156811790504
-1.08757843368155	-3.21696633828394
2.53059083415731	-3.9674299454064
-0.597022364660217	-2.06413742061396
-0.357704767044635	4.26248669681011
1.08852586500743	-1.68602850286848
0.119332932522361	4.19219158438173
2.10652714998869	-1.82581687208844
-2.31550235902266	-2.25679118864617
1.19744651689133	-2.95413907421235
-0.865162249740407	-0.903361828687619
-2.04185883259177	-2.77227895262547
1.57674745610529	-0.829618644767323
-0.751891405682348	-3.50327196255188
2.54212724783971	-2.63184568029713
0.371337418686807	2.0849841999548
-1.30738968252984	-4.06880726766647
1.58491282525555	-1.0989974089868
1.03257345475399	-2.26600484197521
2.89449168350209	-3.64661589090167
-2.54783846335285	-2.01029860990127
1.96262326611494	-2.16730481278758
1.49018098087603	-2.13603896259005
-1.72936579244986	-3.36146847345496
-1.91707487354482	-1.43337434507985
1.36959930640956	2.56777274609182
-0.487591978442714	3.50617791220181
-0.529422372795774	3.26458527786057
2.20613128879378	-1.36782356773104
-1.82449876673177	-1.74545467769608
2.98410823259654	-3.41874964874849
1.81491298003571	-3.72959922359739
1.19472891228879	4.82168327126656
-1.58745447987137	-3.31594429391175
2.20794945563263	-1.39948325425331
-1.43776565376831	-0.784344166744562
1.2616216036919	-1.12923868283174
-2.13187159303874	-2.14311260199681
1.73032688774415	-4.02723804244747
1.08141674019461	-4.16200860932672
-0.0130713950446268	4.8624296324356
1.80744685744889	-0.991998068164236
-1.58445629041005	-4.0024486395068
2.97065561303589	-3.30911728296889
0.970543300092438	-1.91594112942336
2.17244092307442	-2.40497838400472
1.61053930565701	-1.42989002057063
-1.23184881858965	-0.480341247544427
-0.761649199524105	4.34640568959679
0.88093951700728	-2.55203046327647
0.845527870757421	-4.34285102990932
-0.648255761847232	2.35862925852088
1.80955027361551	-2.58156596534101
0.918244609535247	-1.6459111610934
-1.05118822343374	-1.19322648706923
2.69024280472942	-3.08135498524759
2.84999169060533	-4.24041767021023
2.36731988936249	-1.26963331862848
-1.51878546649616	-0.20356564216206
0.74251346798749	-3.70043678719632
0.429033700836052	4.16623791215199
-0.622310730318869	4.79898589977361
1.03005256585124	-2.83925932775802
-0.598096719110835	2.40092145103816
1.22357281311164	-0.679629736626048
-1.74276947915261	-1.94657850091118
-0.521526184981268	-4.1038488122438
1.07792079091232	-0.959069294307764
2.82290892948119	-2.19699437815111
-1.47973947004404	-3.25464609105707
-2.17388291319423	-0.613864342710724
2.47179635925149	-1.07233611699753
0.718471563736623	5.59563358271278
-0.809832054926375	-0.385909571469568
-1.65346170294386	-1.1437707929943
-2.43061048057914	-4.24904506986636
-0.680416410786493	4.56187463082428
1.06171070600559	-3.67916007734736
1.06923753813186	2.60584895025836
0.475167508326927	4.11101996687606
-1.90274254863945	-0.665305110219066
-1.51989974183061	-2.28590115542151
0.0668989209035058	5.30300422501206
-0.117582800712272	2.44905080063967
-1.79264223640076	-2.59403116757366
-1.29674200433571	-3.27839011982948
1.61261993868601	-3.72559956310029
-0.97314037216525	-2.39117416696481
-0.79529823554941	-2.97478545525984
-0.850313130022517	5.32781358001538
0.32502484836486	3.72443670031852
1.53725838697314	-3.60841536938693
-0.989536492250797	-0.998018155318331
0.88114600534261	-1.66472329541149
1.10307305577011	3.53602814026924
-2.08497520219056	-3.46621947748305
-1.67954678785907	-3.68115829336431
2.04409221954257	-2.56310875557747
-2.06120603746651	-0.619422069135848
-0.446351916424312	-4.09869387783727
0.785364597031086	-1.30201161838607
-2.20656965192506	-2.61608897194919
-0.395845731051818	-2.65250303384857
1.18183062092179	3.98945679814424
1.15761462880641	-0.617829384120363
2.24139902032676	-2.10724803011949
0.182493678936478	4.94339463381891
2.88767060408709	-2.86781709709216
-0.384369068846571	-1.77405521251208
0.399315375522878	4.42421493812296
-0.639714261309083	-3.16541068203585
-0.687775500437297	-2.54892369819165
1.29536132595019	-4.27169984356472
-0.654229000637744	-1.06163883012663
2.33250548274356	-1.74748645797696
0.705911504482621	-1.63128180592394
-1.89988616922072	-0.495584427265608
1.27819789965202	4.33909744780567
-1.49949912511868	-0.309108625638149
-1.21268989923647	-1.85265331379789
0.934554305789138	-1.89832517058748
2.61601417132958	-3.00656836066756
-0.702243520164918	-2.37012862426736
2.24955073103074	-1.09923779590706
-0.167927000384195	4.32089255513034
-1.72394993364841	-2.39890347485384
-1.56478721573379	-1.02096434805533
0.237508779514894	3.40688888466173
1.36628608708608	3.02383284341529
0.0505609692832102	4.73691780537318
2.5867735166342	-1.42789829261723
1.68717523759236	-2.45252975921783
0.914789703798396	-3.77586572411284
1.05460327089504	2.30268151676176
-0.0674090590362743	3.96482293522212
2.43667975387762	-2.63956933353625
2.2626362947967	-0.81930804762963
0.915265134659327	-1.42591795783908
-0.866175814509735	-1.67903567299521
1.28765849978877	3.23192440929643
-2.43390656908305	-2.93186740124987
2.89474219883139	-3.92451900457552
2.38063117021192	-2.94186814942936
-1.10572732026912	-2.25570202286521
-0.662440516383598	-1.693549061289
-1.40847777914713	-3.47273396713926
1.25597580043086	5.17544247700493
0.958101323484172	4.65554133789619
1.69960999491732	-4.38008593330844
0.945582760477074	5.21456814440726
1.95223376165337	-3.97962398153912
-0.80157318870741	-2.826842972015
-2.45671601643387	-3.26625528116094
-0.891400843823707	-2.94266378210927
0.995340713130276	1.76018041789528
-1.30261911848595	-0.799987299089852
-0.150211100851177	5.58907865853757
-2.32765540129558	-0.469692424823383
1.10218679435984	-3.10088242510571
-0.0017880462963629	5.19533838681224
0.422518751967395	5.13509255410219
-2.52236243272166	-4.12635098616474
-0.72800447869782	2.36781659353783
-2.24035154558139	-0.836386002175865
-0.605419997286519	2.92702822707229
-1.89248072456261	-2.26194240331229
-0.963450807963813	-1.28263944317541
1.21581037266923	3.01829596974588
-0.543210689582035	2.66049190790783
-0.354153228195878	3.70274847945989
1.41421577508001	-4.22048899795523
0.820647966696198	3.30148541525332
0.920466022531069	5.36977269044606
0.98715452048194	-2.99298148940477
-0.534714233130006	5.5527363149326
-2.57099223763851	-2.81093541178936
0.552631375758181	3.12557165102797
-2.00280686871702	-4.17202309970827
2.47057541926724	-3.33553721321032
1.5090565728141	-1.29366469033198
2.5611723914089	-2.29284450808667
-0.292228601354177	4.09890339686355
-0.33928611548838	4.3688087491648
1.35752731148809	-4.40406531297847
1.52666046557255	-4.27733051219274
0.799557470537583	-1.14930968581687
-0.755969660285642	-1.22163757700383
2.05487260022043	-0.961170130350585
-0.0090501475909175	5.39244889576004
-0.519859351962914	4.71028393773039
1.37270443170604	3.76989271860148
-1.64264999011278	-3.95315940350901
1.2974361756328	-4.22906057730843
-1.67782274213277	-2.51823913664633
-1.82805455533844	-0.365420686685926
-1.40520271898883	-2.19226255675477
0.590702112432431	3.28275505768484
-1.57581412195418	-0.820817918448489
-0.57607115565293	5.3654689889316
2.27267872659341	-3.37532421825983
-0.594060096914263	2.09900139259045
2.07465065155232	-2.83212975898133
0.748617595207678	-3.41389050166581
1.84078776164567	-2.4487170405898
-1.9635961306122	-4.26656342664593
1.28312507403464	4.21099945315375
2.2144608106955	-0.726205196019071
0.543204260623853	5.56735503535249
-0.569005105914279	3.51134133590719
-0.710994381328602	5.74342818896778
0.178590048661117	4.32048186872838
0.39046096687984	3.5582500261695
2.12168438074545	-3.49932747459642
-0.509317636425339	-4.21366418567319
0.527116221141688	4.58952047310343
-0.474489638514478	-3.54042949486599
0.35540853373992	4.12758245305094
-0.859275236305393	4.93918114003319
-0.915598115979833	-1.31893349061443
-1.87010664284089	-1.58641714283947
0.925774326768363	-4.02915729420992
1.4922245470315	-1.38248421044048
-0.361654669060422	-3.87245623121399
-0.660443003039371	-3.09553027273412
0.860401860419583	-1.00258223011776
-2.13322779831253	-2.02479921308591
0.756228413650675	-3.04193834816727
-0.664997992102152	2.54907367921176
0.73125971190586	-3.85913981486112
-0.311176202819506	3.80347971092309
-2.27091775545674	-0.971614692825737
-0.644726331162248	1.96412772305642
-0.541528530352808	-1.45723936642843
-0.565895531084837	4.29770545529388
0.810655746632341	-0.573081692194892
-2.32332137043756	-1.70848396271864
1.34135649058797	-2.35391128463841
1.60625243131918	-3.34536902806793
-0.430992637486666	-2.21643970300372
-0.660431879751207	4.50448550536237
-0.262746510018997	3.13816457395963
-2.56778211513488	-2.91622317601421
2.0459965989191	-2.01597267166627
-0.872097781598542	5.73443438577352
2.1131388521839	-3.70979568623884
-0.62647429477074	2.38436310740876
2.59871578315405	-2.44268357626428
0.917891458490938	3.63626220060511
2.12267156170254	-3.89759125402368
-1.0675300263315	-2.88280782499407
-0.835728586235203	5.15760974817239
-0.445320869806078	4.37111859864777
-0.793403151001632	-3.61832236834524
-1.18392382881836	-1.83845166713421
-1.36687974906926	-1.57731591488351
-0.620853299375079	-0.500960851419136
0.115870768809724	5.11881977003809
0.893802916452386	3.73442906730495
-2.31280786540871	-3.76180463244612
0.780085643311167	-0.600864195547363
-0.0929405581515412	5.46383693499853
-0.805230574554829	-0.788805488502683
-0.301553739710066	-3.2305380864793
1.12970590783963	3.02057461747674
2.8324918258094	-1.65199918633561
-0.327049611166542	-0.714733288146295
-0.176759645071194	4.24970768418008
1.8382968839352	-1.2888448170591
-0.996940461127211	-1.61374569753348
-0.748103306943579	4.74009214793951
1.31944796217751	-3.89744137587401
-0.0275668387613197	1.71915412932233
-2.52667592386831	-2.67245424799007
-2.46829241486536	-4.20601702840133
0.941152509860337	-0.786111754189694
-2.39177525874871	-0.957896932572885
1.6301325289952	-1.42927304021339
-1.50977741456827	-2.67625998142455
-0.765906567437229	2.68754301752229
-0.207117180752556	5.55894085282014
-1.91398358780205	-1.2419602790969
2.19985149480801	-3.78091957071286
-0.0340777984151132	4.87342314458038
1.19457459323314	-1.82534340504608
-2.21980303646839	-1.61122508504224
2.71095130025416	-3.6464633166991
2.92530122489708	-3.71174148026431
2.0866158302535	-2.75081779430566
2.69483895610381	-0.599570181106821
0.929363909248033	4.08266156691981
1.56830293484198	-3.53529974553656
-0.184897508036942	3.03226082699046
-2.38607804771224	-2.21546739154479
-0.008308755712567	5.52910744764168
-0.0007351205213346	5.10537969108454
1.17044392270059	4.1275119442631
2.62527649826872	-4.37994855357822
-0.865057558895608	5.51328348384921
0.595358613732051	4.93224467322671
-1.7834954479719	-3.73862115468378
0.878074487881315	-2.76791466012901
-0.364078297307638	-3.34190790866324
0.682608978687301	2.0148438093865
2.3425113549891	-1.1729830437456
2.27859789402352	-3.90117279350023
-0.145612558728634	1.74196404985553
-0.0237919540610813	2.65780973302427
-0.220047585125517	3.32937690977665
1.24864522497465	-3.1032491386465
1.0171220297802	1.80541352712905
2.75697535511969	-1.51109314174618
0.832368415507279	5.41156958663199
-2.0312649776513	-1.57522046789744
-0.510972295722952	-2.9636012228551
-1.10125123346896	-3.6057043916005
-1.46659581446304	-1.52810522743468
-0.531655077074041	3.30850639139795
1.55122966759446	-1.34103509150873
0.55928110576135	4.23625959984908
-1.1082632348033	-0.834630286407384
0.75476973883442	-4.29742611025721
-1.98339636240062	-4.14742524675159
0.922860949833882	-2.93712876421549
1.28442598563264	-1.82391635427024
1.88448742920561	-1.65884885028517
-2.0487814128836	-3.03480883470238
1.02586712354942	-3.96358133113921
0.790116990452411	1.79323257550154
1.73744724042781	-2.94789832733284
2.60376847478799	-1.31342237458297
-0.28199874265857	2.25859856632386
-1.47333309015753	-0.747885394960021
-0.563952721604241	4.82918365981337
-2.55754317949928	-2.47026986990193
-0.619904539776701	-1.50894941709562
-0.912163976626258	-3.34251392329439
0.832268568041099	-4.055171390095
1.18793356403072	-4.12282200410162
2.49675984499358	-3.2258367441067
-1.27715197962239	-0.800337779319167
-0.459162161129923	1.9435361129707
-1.26004062864287	-1.0988860567753
1.12502499073116	-3.43649122624295
-1.43703223301405	-2.80504631640596
2.28945603938524	-4.4946130755123
-1.1232061169378	-0.984562433186052
2.68723930252979	-2.99169329138681
2.3444695741504	-0.579753782395143
0.904274293212543	4.00688063812561
0.984931378218154	-2.68452190230974
-2.05776528044308	-0.832372093366474
2.49165339581051	-0.721425828776227
1.01096002972959	4.90644366131883
1.81396935834879	-4.53737656878053
-0.0640325159120634	4.81305674251213
-0.622673816248095	-2.52748158068561
-1.76404362494485	-0.70136184705179
0.476717572649981	2.97207997483111
-0.46038590517138	-2.40493974425455
-0.758656783703427	5.37815720755665
-0.648109684336078	5.02284362241644
1.47412412893139	-1.39059343463233
-2.09576079734571	-3.6415801493941
-0.0753115737631955	2.50374071588469
-2.23924480452003	-3.32402700060127
-0.663074159002135	-1.23666533522879
-1.86699650242124	-3.69901894134736
-1.46188359979523	-3.37077879657019
-0.163505322933561	2.94110423854196
-0.0248429830871317	2.47471707468541
-1.97859062365568	-2.64305305864129
1.28750314110122	2.26955754315463
-0.50305203431973	3.53825614376966
1.30535456104974	-2.54024154558894
0.710637317784864	-4.24854113001634
-0.415248402704815	4.61712993172946
1.86583653451818	-1.78397220767583
0.910824222513621	4.42906066358127
2.81179375530405	-0.849541649181953
1.62775056386824	-1.8682224657506
0.378255837105679	4.8080024192904
-2.42642978149551	-0.956536751388663
0.704950186771702	3.6364278931469
0.105291389809027	1.87562619395001
0.251678656962726	2.25765177099479
1.3114651217689	-2.76955532502317
-0.377416893221307	-3.13645842225995
2.54893801872612	-3.44825918023851
2.41601200416057	-1.0078811671954
-0.795284467549254	-2.81814480487172
1.30294170222322	4.53054043372844
2.36190766016193	-4.18045016105139
-0.990201422625582	-1.90305047504307
-0.77274697244711	5.15139684893796
-1.56902830621002	-3.81418991204016
-0.380131038946983	2.72646720149327
-2.53752556020249	-2.98601136261276
-0.985201447051589	-2.33064701053741
0.98724452767276	3.85728879272258
1.29555521108111	-0.708919184081817
-0.346940187157209	-3.15361487255598
-0.20936916882444	4.86857925912248
1.99777261958792	-2.73280715462015
-2.24669341917027	-0.222919088190933
1.99188784705354	-2.37359719676083
-1.29995583898468	-0.513077788464363
0.753729735695757	3.076934365018
1.76031617681009	-2.27511407596339
1.32540748446232	-4.51226694397338
-2.42649017117056	-0.55144909604629
0.960915622503387	2.02493696846143
0.803903160232609	-1.70408267291304
-1.80666950078486	-1.92361493360622
2.97700536617551	-4.34887819202652
0.872845943293123	2.46464785950827
-0.166508382827663	4.57222541369708
1.11251923672244	-2.95480559538061
2.48575093186948	-1.51179481237526
1.14552754705922	2.15092015628106
0.848886849627163	2.74219232101326
1.15174209502376	3.62849336602592
-2.37816946311126	-1.84215838420653
2.62352810800793	-3.8023503506518
0.881798716178541	-1.71290352723961
-0.359546696549958	3.982226535373
-0.586037585500963	-4.13140148155304
0.842673075350068	-3.46980303448538
1.84173912814794	-4.44845795981984
2.52457340829093	-2.73432593820341
0.750142714468592	2.83244603091825
0.663740156782156	3.57198429823286
1.5679403223657	-1.7300430711787
-1.39772390558046	-2.56712364177573
0.948906626274646	4.16643181805869
-2.21599676104346	-1.50862199284057
0.858584129131525	-3.66277812476676
0.5034405669542	5.22090093396095
-2.06873752395946	-0.333037250501566
-0.394149294351463	3.84056337927013
1.82419097604246	-1.24759374153392
0.518959199391486	5.6685424971226
1.80638846900321	-1.49715235633024
1.35131213384942	-3.94282627186863
0.0266324800380382	5.63132672800313
-1.71929491060844	-1.53641264470954
0.889682760300121	-4.0611545529834
1.62433835583665	-0.951137557892081
1.03802887585992	4.42551178902771
1.40514472252803	-3.08513816224755
0.866481527884746	-1.42751860329928
-1.25312934744376	-1.58275201207591
-0.813115160797622	4.34727983248417
-0.372195124247393	-2.37154407358162
-1.88170322929865	-2.68366001998038
-0.135109330724515	2.99046448882594
0.204145499671358	1.87783742939069
-2.58448787432482	-3.88803464460277
-1.06182696342228	-1.22836185910981
2.86358999060474	-0.768300337671129
1.9509451960164	-2.44065042916378
0.276853222245686	3.31413791598562
1.71580123461712	-1.94989220198076
1.62918106832015	-4.57966267936486
2.2450215585293	-2.75904123395523
-1.25328614655283	-1.75897711335185
2.23166423599806	-1.02624330817925
0.788204086595092	5.17333620335681
1.6645059609016	-1.169791946596
2.7897964163997	-1.1738018840308
1.33165302956513	4.72023500294858
1.50854473172163	-3.49798764295704
0.682971568803634	1.70583577706612
-1.76087579151988	-3.94664257786936
2.05035191836833	-2.86020854350917
-0.937258704015102	-1.02867093194489
0.803685388497984	5.26754329392702
-1.87825152687322	-2.29445151337109
2.3035114044065	-3.72968929279533
0.98322689373419	4.82031430431266
-0.0155206271082321	3.37127872372886
1.19108547933696	4.77931800549059
0.728562750557092	-1.22308121177598
-1.9773931491769	-2.34856081231824
1.0053726062656	4.82241765795473
0.98031439180323	2.99326315015983
2.75604397781032	-2.36616113259043
-0.090648115440702	2.76068263079613
-2.24888991860094	-0.549807445035769
-1.73037864776436	-2.90148404333254
2.64651883284919	-2.28144068597889
-1.27043560373269	-3.42844527383388
-0.635487130837343	4.25318975156591
1.02553284725428	-2.57012805554331
-1.02672648444778	-1.52026162092853
1.312843902453	1.7594216510798
-2.11503510175065	-3.04159564170623
-2.01985103772694	-3.38723091465072
-1.16394187649138	-1.90179789920818
2.3491166744703	-1.6164223480837
0.752639926213151	5.13105538655893
1.48157624822269	-4.52622451846746
-1.4434280194428	-2.98356806409435
0.870958932295126	4.9381811312285
2.09692596390066	-3.01084988071334
-0.0751627110631296	2.29806852047633
2.596366180484	-3.59778741295447
-0.774404259312073	4.11738735963237
