1200
1898 1
1433 0
2669 0
857 0
1958 0
276 0
1574 1
2793 1
1090 0
919 1
2858 1
654 1
904 0
665 0
2104 1
1688 1
478 1
1286 1
2786 1
1318 0
2934 0
2710 0
1992 1
1354 0
811 1
1909 1
1237 0
659 1
894 1
4 0
1674 1
1811 0
2092 1
2355 1
2399 1
2680 1
2785 0
2203 0
2651 0
257 0
2255 1
23 0
1047 0
182 0
1392 1
2108 1
268 1
2122 1
1161 0
1295 0
147 0
2062 1
2540 0
661 0
645 1
1888 1
2571 1
1265 0
1229 0
2847 0
1327 1
1479 1
2059 0
2524 0
2636 1
1572 0
1205 1
1428 1
2861 1
2925 1
2540 1
2812 0
57 0
1521 0
190 1
1601 1
380 1
454 1
628 1
1121 0
453 0
72 0
1756 1
1651 0
1919 0
2994 1
1857 0
1690 1
1985 0
252 0
2843 0
2043 0
2966 1
1927 0
1527 1
211 0
2059 1
290 1
473 1
2379 0
2661 1
1678 1
2577 0
1849 0
587 1
2419 1
1882 1
1452 0
2667 0
2497 0
2853 1
1054 1
378 0
2872 0
1709 1
1973 0
2096 1
2364 0
1852 1
282 0
2948 0
466 1
1235 1
1134 0
1076 0
2745 0
2566 0
2473 0
1809 1
1028 0
2079 1
572 0
2745 1
2484 1
1973 0
1126 1
2671 1
249 0
1646 1
2443 1
961 0
949 0
486 0
1093 1
1996 1
1600 0
27 1
297 1
699 0
2775 1
2427 0
320 0
1870 0
2717 1
2940 0
1723 0
2896 1
746 0
2654 0
874 1
1909 0
2901 0
1211 1
1670 1
40 0
556 1
1444 0
2114 0
2665 1
1083 1
1789 0
2412 0
8 1
2071 1
586 0
2282 1
1835 0
1381 1
219 0
1533 1
2982 0
2101 0
872 0
1551 1
2074 1
1983 1
1243 1
2763 1
960 0
2602 0
322 1
72 0
1116 0
1690 0
1887 1
2350 1
189 1
2524 1
2168 1
1994 1
2811 1
1025 0
2798 0
1778 1
1104 1
1486 1
2406 1
2499 1
342 0
1146 0
547 0
48 1
2045 1
2664 0
205 0
955 1
2124 1
2655 0
666 1
1802 1
2869 1
225 0
1784 0
2364 1
2062 0
820 1
1837 1
2099 0
2427 1
1996 0
35 1
1795 1
930 0
1407 0
1719 1
211 0
1039 0
2527 1
2214 1
2430 1
1544 0
2790 0
926 0
415 1
1285 0
1968 1
1132 1
2880 0
1728 0
1293 0
375 0
2261 1
854 1
2388 0
2695 0
1740 1
2655 0
1264 0
935 1
2110 1
2546 1
1774 1
2790 0
2405 0
1406 0
2969 1
2779 1
1421 1
1608 0
783 0
84 0
685 1
1738 0
2124 0
834 0
2324 1
2103 0
2796 0
465 0
1706 0
2294 1
664 1
402 0
1818 0
2199 1
2607 0
576 0
1427 1
1205 0
764 1
470 0
2827 1
616 1
331 1
471 0
64 0
1982 0
465 0
2528 1
1114 0
2509 0
1900 0
1350 0
175 0
2259 1
842 0
1477 1
907 1
406 0
48 1
1909 1
184 1
1366 0
2701 0
492 0
1274 1
1489 0
743 1
587 0
815 1
2746 1
1538 1
469 1
2305 0
1012 1
499 1
201 0
946 1
2139 0
2349 0
1556 0
1860 1
2314 1
2960 1
2244 0
16 1
1005 1
2764 1
936 0
853 1
1017 1
1144 1
1353 1
2291 1
1710 1
206 1
2085 1
1928 0
871 1
191 0
609 0
1053 0
2647 0
2912 0
839 1
2364 0
1547 0
2663 0
2507 0
1669 0
2711 0
2221 1
1613 1
2048 1
1705 1
2386 1
406 1
1070 1
1670 0
242 1
958 0
675 0
947 1
2088 0
482 0
336 1
1319 0
1097 0
924 0
1991 1
494 0
977 0
88 0
2830 1
882 0
2250 0
2400 1
472 1
1207 1
183 0
454 1
2189 0
2505 0
1256 1
1335 1
606 1
1836 1
1918 0
1763 1
1926 1
2382 0
1555 1
2945 1
105 0
853 0
2896 0
2187 1
1503 1
2313 0
1108 1
2799 1
2609 1
1524 0
1697 0
1853 0
887 1
1928 0
520 0
2255 1
2132 0
1688 0
2775 0
844 0
751 0
679 1
1346 1
2594 1
2052 0
1385 0
2627 0
1585 0
1350 0
2572 0
832 1
764 0
997 1
1610 1
1557 0
2185 0
2390 1
1053 0
1163 0
1457 1
429 1
2823 1
1691 1
302 1
1339 0
1400 0
692 1
2869 1
2993 1
1879 1
686 0
1659 0
2240 0
2994 0
845 0
1171 0
1426 0
840 1
1120 0
873 1
2118 0
2845 0
145 0
404 0
2592 1
1733 1
2014 0
1000 0
1572 0
2617 0
576 0
787 1
572 1
233 0
168 1
2582 0
2872 1
1601 1
2013 0
1598 0
1342 1
2256 1
2278 0
593 0
1389 0
437 0
2153 1
1655 0
1736 1
401 0
591 0
1693 0
1968 1
1871 0
1082 1
1482 0
1948 1
25 1
1546 1
254 0
1626 1
264 0
45 0
498 0
1478 0
764 0
440 1
273 1
47 1
2766 1
2749 1
163 1
2406 1
2051 0
2130 0
518 0
876 0
1228 1
325 0
2031 1
1479 0
654 0
988 0
1512 1
889 1
2803 1
1667 1
1539 1
486 1
673 0
1636 1
1316 0
2994 1
825 0
2783 0
1843 1
2264 1
988 1
453 1
2523 0
1116 1
2970 1
2396 1
1369 0
235 1
47 1
913 0
693 1
141 1
943 1
1627 1
423 0
1126 1
499 1
1832 0
778 0
1170 0
1370 1
2710 0
1787 0
1509 1
1409 0
817 0
1204 0
560 0
2763 0
854 0
1617 0
1632 0
1742 1
2962 0
1728 0
2075 1
568 1
1946 0
2047 1
2984 1
976 1
1989 1
2254 0
1481 0
153 1
2088 0
240 0
203 1
1110 1
2591 0
2187 0
1145 0
1110 0
2835 1
603 1
2625 1
108 0
2123 0
517 0
355 1
612 1
134 1
2215 0
2928 0
1252 1
1655 1
1671 0
2 1
192 0
762 1
794 1
1009 0
1406 1
1562 1
321 1
823 1
806 0
1449 1
2065 0
845 1
2359 0
1076 1
927 0
1225 1
685 1
1138 1
2862 0
2910 0
1726 1
1070 0
2135 0
539 0
935 1
2789 1
1802 0
300 1
2966 1
2821 1
2823 0
2928 1
1412 0
395 0
3000 1
1160 1
882 0
2816 0
2932 0
1199 1
1482 0
1425 1
2809 0
2732 0
1361 1
908 0
724 0
2449 1
2711 0
74 1
973 0
2191 0
780 0
2862 1
1666 1
1039 0
2918 1
2781 0
1264 1
2591 1
1257 1
1746 0
999 0
1332 0
2313 0
1929 1
743 0
2553 1
1630 1
2633 1
2208 1
366 1
2923 1
2437 0
1385 0
478 1
303 1
1946 0
1583 0
350 0
102 1
2964 1
1500 0
310 1
1559 1
44 1
1204 0
1 1
1598 0
2242 0
959 0
1493 0
664 1
503 0
2822 1
2668 1
680 1
650 0
1411 0
2265 0
35 0
505 0
542 1
126 1
1723 1
450 1
2808 1
2775 0
405 0
1154 0
1029 0
1475 0
384 0
1797 0
1414 1
1153 1
2286 1
397 1
2686 0
1566 0
521 0
663 1
1901 0
2724 1
513 0
346 0
11 0
219 1
772 0
1728 0
1704 1
1656 1
1510 0
2077 0
1802 0
797 0
847 0
1435 0
572 0
1381 1
2816 0
540 1
1679 0
250 0
82 1
1198 0
1243 1
2270 0
2312 1
1829 1
949 0
1445 1
2647 0
538 1
2968 0
2569 1
2563 1
1382 1
2602 1
1327 0
1146 0
43 1
1657 0
2440 0
198 1
1892 0
1972 0
1435 0
2283 1
28 1
1597 1
1459 0
2411 0
1113 0
785 1
1532 0
2229 1
2385 0
1088 1
2736 0
2050 1
372 1
629 1
2523 0
2814 1
651 1
1921 1
2532 0
2941 1
2320 1
1751 1
2793 1
1046 0
462 0
959 1
2724 0
167 1
1318 1
709 1
2823 1
2177 1
1331 1
2542 1
2799 0
2969 1
263 0
791 0
1328 0
1828 0
2139 0
1838 0
584 0
2349 0
2705 0
671 1
2951 0
1276 1
2527 1
144 0
598 0
255 1
2428 0
1441 0
445 0
1069 0
529 1
862 0
686 1
675 0
2175 0
363 1
1286 1
781 0
273 1
1749 1
1047 1
358 0
1555 1
991 0
2346 0
2424 0
466 0
2739 1
2889 1
1880 0
45 1
8 1
753 0
2356 1
1158 0
803 1
11 0
755 0
2777 1
965 0
1791 1
928 0
2919 1
644 1
90 1
384 0
97 0
1735 1
2749 1
741 0
576 1
1257 1
1193 0
1341 0
1056 1
311 0
689 1
1889 0
268 0
1463 0
1767 0
168 1
2915 0
1654 1
2661 1
1441 0
1704 1
601 1
2954 1
836 1
1318 0
1582 1
2008 0
2943 0
1544 1
1841 0
2584 0
2517 0
1091 0
1727 1
2130 1
1350 1
434 1
1699 1
1463 1
671 0
1766 0
23 0
2549 0
688 0
2620 1
1603 0
1814 0
2203 0
1094 0
151 0
45 1
2333 1
99 0
2873 1
2053 0
239 0
503 1
683 0
1033 1
2688 0
2267 1
1870 1
2381 0
292 1
2966 0
2083 0
629 0
1091 1
1322 1
2199 1
717 0
2570 1
633 1
1497 1
1864 0
223 0
1421 1
947 0
2103 1
624 0
1562 0
2775 0
966 1
1053 0
1 0
390 0
2830 1
124 1
2301 0
2954 0
363 0
559 0
222 1
2421 1
2752 0
594 1
437 0
1313 0
356 0
1073 0
962 0
994 1
1011 0
1361 0
142 1
1778 0
2561 1
880 1
2817 0
68 1
315 1
1456 1
1064 1
2758 1
1321 1
2514 0
2834 0
1129 1
1275 0
1070 0
2956 0
1323 1
583 0
2717 0
2516 1
631 1
1535 0
1401 1
598 1
1536 0
2741 0
1303 0
827 1
2484 0
520 0
1708 1
1477 1
1938 0
2582 1
1734 0
612 0
1985 0
352 1
1581 1
1738 0
1040 0
930 1
848 1
2373 1
42 0
1697 1
2287 1
439 1
956 1
1509 1
1280 0
637 1
1293 0
2562 1
145 0
1743 1
1599 1
762 0
2019 0
1663 0
1551 0
1043 0
163 1
2292 0
803 1
1930 1
2514 0
1025 1
2806 0
1779 0
2446 0
1425 0
1807 1
2453 0
459 0
2516 1
15 1
155 0
526 0
2873 1
2486 0
2592 1
2475 1
578 1
2654 0
1973 0
1108 0
1077 0
2051 0
452 0
1934 1
2843 1
779 1
277 0
2643 0
2402 1
463 1
2775 1
2731 0
2586 0
442 0
1005 1
348 0
2113 0
1484 0
1024 0
1445 1
1315 1
389 1
2252 0
1778 0
750 1
247 1
1455 1
1732 1
454 0
1002 0
414 1
879 1
2794 1
2942 1
2862 1
1128 0
394 0
2601 0
744 0
2931 1
767 0
2081 0
2401 1
2122 1
2044 1
833 0
2930 0
2390 1
1707 0
1668 1
1449 1
941 0
226 1
1909 0
1984 1
979 0
2865 1
1985 1
1989 1
164 1
814 1
1957 0
902 1
1955 0
714 0
2494 0
1068 1
1814 0
2504 1
1214 0
2683 0
236 1
773 1
1743 0
959 0
1101 1
1947 1
545 1
384 1
2188 0
1354 1
1769 1
855 1
2760 1
1353 0
632 1
2293 0
1587 1
2461 1
2630 1
2645 1
2199 0
1256 0
1075 1
558 0
1819 0
1068 0
2860 1
713 1
1539 0
2128 1
969 1
2818 1
362 1
2883 0
2730 0
446 0
246 0
714 0
2757 1
2079 1
335 1
2941 1
2641 0
658 1
2252 0
2915 0
128 0
2886 1
580 0
1052 0
689 0
100 1
1418 1
927 0
2292 0
1701 1
1265 1
1161 1
717 1
756 1
919 0
1215 1
1429 0
166 0
2135 0
520 0
1197 0
1498 1