-90.0068413941461	0.754057192153507
-95.8095124045884	6.04461188125582
-90.2711003828727	-13.33007635632
-98.4099040723347	0.137406236704247
-99.8260468936824	5.89579185354508
-96.8713242071821	-24.8182704140924
-89.6410888744235	-18.9393660244399
-99.219993955172	-0.0346343129732135
-99.9995598281513	-0.296705537500156
-97.1672994977424	-23.6329411693937
-92.7499646834201	-0.0809396337880437
-95.3374632292537	-9.80171949255367
-96.9079877416745	-12.8786455755044
-90.6477398178605	3.86266305978969
-99.9819047479342	1.90229413472852
-89.2237593115521	4.14525925777997
-99.9359990926929	-3.57716163253495
-87.080998376794	-9.52153988075459
-93.0001676325645	-12.3758321059594
-93.379172901801	-3.08139062365572
-99.9999451688695	0.10471973597999
-93.138967278605	-24.3129672042503
-99.9980260856137	0.628314396555957
-87.4027395772722	-4.71826391668924
-98.3350191075158	-18.1720669469519
-88.2146150548532	1.64760150645216
-98.2645186514897	-18.5495114272864
-99.0364988565043	-13.8481729569508
-99.0912908873577	-13.4505044618056
-95.4161008937057	-16.8931255320669
-93.6257328850577	3.9731903724628
-86.5995906068574	-15.4101429819681
-89.7269367302518	3.08629632494991
-84.3273009602866	-23.3860302906082
-90.7523695103925	-17.049428971352
-87.8234363711641	-21.5552528159632
-93.6238579028588	5.90671917271467
-96.7001487762435	-25.4770725683382
-84.7210623085456	-22.1945489098456
-89.7841364790972	5.45997588848517
-99.997683393467	-0.680673152056169
-88.3936467279599	-16.1116640398387
-99.2652124759271	-12.1003137194474
-99.7588339087081	-6.94082539578577
-87.5856974306875	-23.3702397416045
-97.4867836051299	5.97962560086887
-90.5215976010743	-13.9487801527293
-84.7903684431555	-23.0211428750604
-89.7332038563123	-2.89836603649404
-91.4406253447776	-24.8610063464056
-97.4212781887761	-22.5631238099937
-98.2254531558802	-18.7552753198129
-96.4753591896441	-12.1705656905977
-99.9512027354013	-3.12363117968633
-98.4716696047836	-17.416379797373
-95.258779801785	-0.482152128519259
-99.9570154695225	-2.93173300722286
-92.8650138401203	-12.7044127953347
-97.2124923867569	-23.4463499068562
-91.9412720838752	-9.87438036531057
-99.0316588986843	-13.8827423722637
-99.8692729881631	5.11158613502371
-99.886507315752	4.76294617439822
-88.3938146091959	-24.0989198686396
-97.1475058694561	6.72506530406886
-93.3870445989282	-18.5419524613187
-96.9101891289729	-24.6660747381238
-91.7337061944657	-13.3497995425938
-91.7859744027585	-25.9728127652004
-86.9633617309893	-21.1993824543335
-99.3231602049105	-11.6150698194063
-89.0671457717849	-13.9953257935502
-99.5038220239299	-9.94934181893922
-99.94674389493	3.26318629582594
-85.7240178460264	-18.0805106214992
-96.0987730243196	-9.21940471073389
-99.9595358280783	2.84450295045263
-99.8411399247551	-5.6344279679018
-98.8665638863116	4.29931916864414
-97.3528347336906	-6.03963321028125
-87.5358098614849	-12.6141028969154
-92.2673920520294	4.94857190683412
-97.2127444383891	1.18773682120271
-98.3697257250656	-17.9832438891144
-96.8721758306467	-3.04433076985217
-98.8255067460359	-15.2813355564627
-88.6373246384036	-13.4367846208179
-97.8520691829266	-17.3596358435235
-97.7296499355097	6.7139499166092
-96.8756543370592	-24.8013628005926
-99.997439701512	-0.715578886269984
-95.3317948656905	-3.86225163420241
-98.771537878879	-12.4252084506128
-89.3068748594163	-18.137226988836
-99.7515107957824	7.04528877753866
-89.7869868034543	-8.93027999316549
-96.6376079321329	-25.7132793154696
-88.0287452307468	-20.08044105841
-88.3887361918239	3.55005836743026
-90.5700395038031	-25.4580899574092
-94.526305012783	4.20975778760593
-98.1292663992245	-19.2521966525907
-97.6859298345141	-21.3882938161601
-88.8038536710269	-4.34323303252797
-99.7314477224458	-7.3238197127631
-91.6616431736182	-18.3990018944589
-99.9009776080988	-4.44912046882886
-99.9841542203216	-1.78014180529136
-93.4829245688368	-10.4031924935171
-98.7959865769389	-15.4710386299468
-99.8391670557349	5.66927875633777
-88.2473968873264	-2.74245193407325
-99.0485459553436	-13.7617420456925
-99.9828870814653	1.84994347345018
-93.806148437977	-20.779146162252
-99.8638653892066	5.21616617128152
-99.9714145402248	-2.39087323514474
-95.8026724951507	-10.2552641500303
-97.8328665437711	-20.7058016949038
-88.8312726775888	-17.814740932157
-86.595559502224	-16.5346507219471
-99.9971838251722	-0.750484533292727
-99.4862609388021	-4.08274226673461
-99.780146829205	6.62739004000006
-98.8993974673555	0.345225424965618
-97.9595817005318	6.57516182742573
-99.8229461804893	5.94805983890075
-98.3763521520602	-7.06896295462368
-91.023192604181	-17.445939588975
-98.5437590636505	-17.0037510451429
-87.4971820554075	-13.9991154135852
-99.8831578105735	4.83267894527168
-99.0936369339883	-13.4332095641701
-99.8906257359062	-4.67577695031762
-90.0399351157407	-11.6462090120867
-86.183186149398	-19.6277998038041
-96.1549815578937	-27.4630573971857
-93.0668688471909	-21.9486291822466
-89.2223788637078	3.47436467587743
-86.7075970693184	-14.0590970714598
-92.4076846008753	-4.13156468001643
-99.9321983024376	-3.6818123855356
-86.8951410088621	-10.9311879066265
-94.0269113166039	-8.60676177545974
-96.8322202650286	-24.9704048534459
-99.6419457128586	-8.45474154281088
-87.852669277108	2.56136699578234
-98.9952345676877	-9.28808015084305
-90.2893515422847	-6.17114236375583
-96.3689736237222	-4.83125477597059
-97.5259530770968	6.61445208644798
-95.4830951230357	-2.26685811759862
-98.3031531108453	-18.3436661675276
-98.4619901072027	-3.92021735738093
-91.0945801544646	-14.8683377175067
-97.3259115993156	-22.9710019668755
-87.768914625413	-22.9111703209801
-90.3116723375535	-6.28352923080486
-97.6716986896457	-11.0074236349413
-93.30194815418	-23.0207834496287
-99.99274866996	1.20424807503099
-97.5260855313908	3.79771522416438
-99.6989734837033	0.452422695973157
-97.3339240620553	-22.9370274159937
-96.4141737835852	-26.5387847051939
-96.3163627779277	-22.5021412587919
-89.1989373944221	-13.6015612231088
-93.4837481554373	-10.485882452649
-92.6247672481853	-8.1199071558422
-93.9066991375288	-8.92640784939031
-99.1108287057242	3.7035163378319
-99.9426825702612	-3.38529181312498
-97.1563607889958	1.62802280035896
-90.3604400820569	-8.92361295535597
-99.8638653892066	5.21616617128152
-99.9825626825946	-1.86739375093748
-96.0402624110394	-23.1458872376649
-99.6633873997895	-1.14809058853104
-93.5074737049246	3.13463894616823
-93.2294969422567	-1.3994641452173
-98.7932848665758	-15.4882815467571
-98.7661022587137	-15.6606846791992
-89.736539041808	4.31035506635752
-95.8649102514127	2.59402823589034
-92.2485612347428	-0.515218516658868
-94.9074316011464	-25.4481242309472
-93.8939306460746	-2.21273311317268
-98.5703469088854	-16.8489379565003
-88.3699784647678	-0.0616938933879655
-98.3010637323944	-17.173961950573
-99.99274866996	1.20424807503099
-99.888987496197	4.71064507096425
-88.1819436788746	-13.3047814343487
-93.0069427378155	-22.0716266406606
-99.913012356165	4.17012732621113
-92.8299773778929	0.0648075605206161
-88.1362642886817	5.03560495230174
-96.8191325186673	-25.0211026602094
-91.1763833674864	-4.93793641363984
-95.6822652778741	-13.9926448998938
-99.9828870814653	-1.84994347345011
-96.2786145148819	-27.0264386683628
-99.9201384214954	-3.99573996015804
-98.7275411838537	-15.9019688023364
-99.7352687943339	-7.27159944729966
-91.9654496589092	-8.74188017732086
-94.9184544867849	-12.3614480478678
-92.5974771700572	-19.3614881076002
-95.6307180507552	-13.2188261618412
-97.2690168225255	-2.02051141527482
-99.5261402206308	-9.72354939223998
-99.9999939076517	0.0349065843310197
-98.6482214374457	-5.29079457441715
-94.3707474540308	-26.864408144747
-88.3889364407525	-20.8291145964639
-90.3313810254455	-6.57012191940039
-91.7346933657438	-14.2832640909898
-88.5615984696606	-3.72731491808927
-98.2645186514897	-18.5495114272864
-96.825107825408	-14.1942979607345
-93.2304512329991	-1.3343773421986
-98.3780922310078	3.7621096458411
-90.2820215177904	-7.81927046860776
-90.925167680107	-20.1909257426308
-91.1841926552532	-24.3133689522794
-87.876300080261	-18.3903312695534
-99.8113427652083	-6.13969505807155
-99.996343090164	0.85520090868273
-93.8191730241973	2.76809917736449
-88.1729370552012	-24.7842948469293
-98.6112223328587	-16.6080351041148
-93.0097895694163	-13.4692035493154
-92.5202927899371	-12.788878843132
-90.8242016117369	3.71138809484658
-90.0725174897781	2.92506291447184
-99.7982649166588	-6.34872582684056
-97.989998507527	0.0171024812534313
-99.6903624853792	-7.86330894303995
-98.2973589605197	-0.720570181689962
-99.9945169365512	1.04717841162457
-99.2840971329323	-11.9443734242728
-98.7497581157465	1.99954296816907
-98.7104142933561	3.96461978429161
-99.7890985087008	4.70593442589329
-96.8798378536775	3.9419053064674
-93.3055152179516	-15.413167419859
-93.7541723366712	-6.06281036036535
-91.1227907935548	2.22699303861433
-96.3162566797658	-26.8919820615266
-90.4403529286182	-13.2099417919604
-98.0717121282599	-19.5432668771556
-99.9334774091653	-3.64692924415254
-93.0822360063365	-1.20226455519618
-97.7868352098923	-10.4158753656795
-91.8470838461857	-17.2882847313359
-93.6838236974735	-8.62482332692724
-91.0659961771711	-12.863329283644
-97.0084917966891	-11.0870248187559
-91.3293683239564	-14.8575698398865
-96.4220653491282	-25.5118191003394
-97.7599937764791	-21.0471759821306
-98.1191725217428	-19.3035743749306
-92.5456467524801	-7.7550091660275
-98.7496482764945	-15.7641036937918
-98.6742655174746	-16.2292736925264
-97.6085303372889	-17.0705273906391
-91.4678743843164	-8.14719924973726
-99.8719357184186	5.05929400767138
-87.4294336794493	-24.6576504657433
-96.9956993876297	-24.3276447751229
-93.9055852413804	-14.7052222177644
-97.4877954055121	-22.273970166385
-85.580292714729	-20.4512493227506
-92.4767864432946	-17.2397467824006
-97.1466388700305	-23.7177266249503
-91.1470007362583	-21.2441134619579
-91.6208880931931	-4.67337832992322
-97.2735415753872	-23.191768138316
-91.3054301234706	-16.3626412894746
-92.9395650103744	-23.9665945783374
-99.740321023132	-7.20196932807819
-99.9999253687414	0.122173017246512
-95.90689139658	-26.3091368662032
-93.7025074682401	6.38799609928014
-99.9988059020909	-0.488690245402456
-96.503042865758	-5.32777792796108
-86.5579234797608	-21.0045419581547
-87.5307273720328	4.93970299945957
-87.1138817205428	-7.54487982537037
-98.7275411838537	-15.9019688023364
-92.053678508639	2.20151607492126
-92.1492740521887	-13.8211320684893
-90.5962147650912	-13.5235302431528
-96.8409306811004	-24.9366025115354
-98.3254907563955	-18.2235525492147
-95.7097142817963	0.233863415077878
-99.9055819384717	-4.34450198933319
-97.4562563386233	-5.29510155337453
-96.0496569063395	-2.41449957019587
-99.8124128239275	6.12227459902618
-99.7766630584066	6.67963389185336
-99.9984403628648	0.558502457082853
-97.3896791711275	-22.699127537085
-92.1106453886949	-4.27938150649226
-97.0751319669929	-13.2113456389166
-92.7172537550493	-1.53745117704517
-96.7001487762435	-25.4770725683382
-88.4092243818229	-0.370329859037263
-90.9361092947427	-0.841205286841493
-91.1699582465208	-3.82115340278946
-92.8534687171352	-24.845276154553
-96.722344892741	-25.3926760789337
-98.6285601537231	-16.5047605860677
-99.3432810379527	-11.4417005997516
-99.9718303036705	2.37342489540224
-99.9993283193413	0.366518322305745
-93.8881016158311	-17.6894311659639
-94.1077913746122	-19.7115728086944
-99.0842346367925	-13.5023866942499
-99.9432718929269	3.36784847291135
-99.9988896715596	0.47123715393737
-95.5400479910043	-6.91544140865916
-97.2124923867569	-23.4463499068562
-87.6027989447174	-14.4711339241755
-96.0302881279578	-3.38701373800068
-94.107361470104	-8.92890906747259
-98.8529305607713	3.64204881177189
-97.5380824621923	-22.0527202312682
-93.9986115653318	-14.1656141338761
-99.916613434254	-4.08293519785104
-96.3490395436132	-26.7742895148173
-99.1626143823495	-12.9141747261469
-95.3728530178838	-19.7681285717475
-97.3785988918951	-13.131491836475
-88.0759926428033	-6.56063411453959
-97.5337236672392	-10.337269833115
-99.8351848226373	-5.73897825660989
-98.41337337744	-17.7428278600842
-99.9610115040354	2.7921638723569
-86.8459935697911	-11.6957385776104
-98.9825957496198	-14.228342794133
-88.9960314630777	-6.98851084444228
-90.2743974673131	-11.2282706555184
-99.6876115993277	-7.89810696443067
-96.6543108732594	-23.3295754272411
-95.2150065787441	-14.0771098670754
-90.7367764748275	-11.2375395419638
-89.2353591718077	6.19299390266668
-90.813788586168	-11.6657362659539
-95.9501910909676	-23.3901353054405
-99.9648126594415	2.65258929402462
-92.8998789623005	-10.1249685821695
-94.9607180862389	-6.45712169204339
-99.8311539310835	5.80867495977383
-90.145267257391	-24.7455287091133
-84.5847282322787	-23.8394242772673
-91.3374434435863	-1.51457095894614
-98.9397626595293	-13.3771807521623
-98.7932848665758	-15.4882815467571
-92.4713706428093	-25.0719307481531
-99.5852701205186	-9.09802039035695
-98.1958712696444	-18.9095442989892
-93.8541416368902	-23.4526693065535
-89.7944603289821	-21.0115038544807
-86.9573709745513	-22.812839218174
-93.3584010527448	-15.3382219593687
-88.2822905666228	-4.75029181318229
-87.9027611232238	-13.2783503084326
-99.8856745034694	-4.78037958607564
-96.5867974125434	-3.76113886852179
-99.8382231371976	1.53352561345905
-91.1403039901982	-3.56498086590421
-90.3794298127813	-15.7412282467579
-87.8333652916465	-6.17271751695997
-94.1137006326516	-3.53323551827934
-99.6118261044952	-8.80250533245041
-99.4915923518788	-10.0709012152625
-88.2426565086325	-4.1459826699471
-91.2922428353005	-12.0188517796224
-90.4998613967237	-15.6320404034084
-96.7572057014261	-15.9313133435986
-93.7694404502641	-15.0530042730472
-91.3582540345621	1.9934441944582
-93.7522598617349	4.70007136304651
-89.1072714820132	-16.869210681914
-99.9242679624906	-3.89110166410283
-92.1660361556106	-4.78182803566611
-99.1731795812359	5.5793684004498
-99.9661878489243	2.60024747929365
-90.6926408612719	-12.2782447283136
-91.1099666169542	-10.02644418812
-89.3501388112115	-10.1959597104557
-99.9180325602039	4.04805747217523
-97.0229176250139	3.6085392515225
-92.6425186899797	-15.6194183879159
-86.3341958195266	-24.2674479951154
-86.3120471942575	-21.9525422021291
-89.9954331650771	-17.7542927043054
-98.1191725217428	-19.3035743749306
-85.7488551594077	-24.4262039386173
-94.5768035587992	-7.82548583797215
-99.7982649166588	6.34872582684059
-93.7269568152905	-9.12395013931356
-96.4649468762313	-26.3536339840612
-90.3560205607731	3.12372348666601
-91.6174198206228	0.687593929402778
-93.5230245132016	-7.45897351537666
-97.2083987461122	-23.463316330324
-92.6757150819906	-7.39139594675515
-97.0925750445011	-23.9380841177384
-88.8874642289428	2.40522409525932
-94.3998612336284	-10.5719581474631
-94.7879777453701	-8.05953937537548
-89.0677954695861	5.54124626667757
-87.6424450814572	3.91850993921993
-98.2482937347394	-18.6352563226903
-99.977701310553	2.11169142107447
-98.7489035506651	-0.465346689513128
-98.9500579087726	-14.4528903631952
-99.710606923246	-7.60229353537037
-97.5534543945857	-21.9846204352837
-86.8875512438101	-22.405944274997
-98.3413563644775	-18.1377404434745
-93.915053208532	-14.7738850962975
-87.91881150929	-18.4312637329602
-94.1522799105657	-15.5024058662673
-93.4211190711529	1.28818146760237
-99.972652694601	2.33852799955268
-91.1567855618328	4.12346286924323
-99.0012770728804	2.38496078348713
-99.9822352380809	1.88484397154085
-98.9974413593518	-14.1246806796367
-99.8946680850034	4.58860416542951
-87.2586562197205	-19.2649037041099
-98.3916229821594	-17.8630492060177
-92.7521993169257	4.2605189676013
-99.7719754796491	6.74928950988969
-99.9289472640589	3.76901826699345
-99.3006778392668	-11.8057350750454
-99.9484387947177	-3.21085385817812
-89.9222221997811	-22.6870349462684
-86.307193910481	-24.1786099538131
-97.0124570344905	-10.6931370575307
-98.9093120612916	-14.7291543396775
-96.2407846499124	-27.1608425857739
-87.1742847388638	-19.5976166986576
-93.1956568367276	-4.41129762891859
-93.853620623247	-14.7138674694192
-87.7032658158146	1.08686026726804
-99.6883446094014	-6.18452496455702
-96.5697903593255	-13.142571664477
-89.9774901871279	-18.6006897620841
-97.2369920397677	-23.3445363855905
-96.2780212313199	-5.92234985301582
-98.4473875604753	-7.8517184436005
-92.3162407760314	-20.0100796845439
-99.6680153101973	-8.14166593064779
-91.1653302745725	-4.15573771166007
-98.6486509099847	-16.3842507805506
-87.9101330027893	-23.934088982702
-94.6883768884945	-22.2612709031271
-87.0334856782802	-15.5970757095229
-98.9144474800726	-14.6946275799002
-88.8207753174569	-4.4062196955944
-90.2782251657169	3.05793409479582
-94.6827659380536	-14.5223253757709
-91.9184473162962	-3.62755330233594
-93.0908242717335	-17.70751355807
-89.6134874799346	-6.78526062016858
-99.7327244511206	-7.30641317999799
-90.9215635107659	5.36988722020886
-88.9523961697524	-24.81922069001
-91.4436002292043	-11.941372497392
-94.8564941448312	-14.1087036453254
-90.2735918062367	-12.0931808223046
-91.9817900840155	-1.83038054516154
-96.8123257525898	-23.0996641182171
-95.1131334464855	-14.4864055580066
-95.7832851884858	-18.3756136904648
-87.7618885909951	-2.22148845186482
-99.1615029132323	-6.11709408044546
-89.9096493153764	-25.4418662834712
-86.661675500477	-20.134917418505
-95.1629761862959	-4.72084350158816
-98.1109756134715	-5.58832391444915
-92.1211522896669	-17.0736463833593
-85.2379472220603	-20.4638205956087
-97.5071959882912	-22.1888875453674
-86.608157438257	-19.7881950958165
-98.3822564245833	-17.9145644883582
-93.3401166970892	-7.85439462809015
-99.1490363206897	-13.018010473131
-98.9424768295606	-14.5046985088233
-98.3186028519709	-9.53628508573592
-86.49655055564	-16.3593288974707
-98.1359807051079	-19.2179419045508
-90.9356563753796	-0.888819204839681
-88.5312946072002	-20.8789720813339
-92.0354916865635	-21.4850731907645
-96.6080930013114	-0.607014538512644
58.919317317786	-40.1167352461045
64.8307841592091	-42.537289820839
55.0681551682077	-32.2566378652549
47.308784000968	-36.5775745006384
56.589810548152	-40.0529929234291
56.7771141955516	-42.0281917720153
67.6294667663073	-34.6077466025302
67.8535751183931	-34.8720008553078
64.4946112111226	-24.3833472830565
60.1907699149064	-37.8454913701857
58.68433191137	-24.0203515402285
54.7122273383479	-30.8287557270308
56.812757023211	-31.1040759293953
63.5994830810603	-28.0241993966272
64.259311823939	-37.7157917047193
68.9218504339319	-22.8471143202532
54.8412820377625	-29.5166424996915
64.649041804624	-38.5691559895207
60.9916210872155	-46.0272773163211
63.5481389366765	-30.7340550153224
57.193067110487	-29.6460701357757
53.1908330144416	-25.7134533509171
55.3636851887623	-29.3878335764926
64.3368312555696	-32.0771607844642
53.7819142707433	-36.4678776099518
55.9073592592203	-25.407779923883
63.7979590940433	-33.027352534449
63.7372252332962	-31.7782082496806
57.8734601890569	-24.1496729945904
68.728383728635	-26.1074638762463
68.7826631699208	-34.7446232855276
58.3146541931807	-39.0824910456045
70.4002847204177	-24.1583279902422
61.7790989018046	-20.0136588079502
57.2008417858153	-28.7065096971773
54.6038919658374	-30.3671760653368
49.3822964609995	-36.4876526545345
54.1800546051667	-33.6323442980289
71.2096597204597	-27.2065665326652
60.0304065354839	-20.5178919771144
54.0913815167636	-24.5938782140581
62.4121340438722	-41.0283027200704
62.0533493679919	-33.5661188136778
52.883768895255	-37.2225185530649
62.5405137869781	-35.0243705905018
56.7123492958893	-34.2650994065543
71.0651337341806	-30.9442541894779
57.6240634921666	-38.7655750202515
59.1636708596631	-29.0480317820235
57.3210749659938	-27.6237445822054
46.9709911649667	-35.3052912320607
50.7010679262218	-29.3431101136304
62.0615198019751	-45.2394491552345
67.6509259961446	-34.8724004316332
53.7804142342737	-27.5800769540248
57.7459116723989	-28.0772823671292
63.3064647121815	-38.703120360577
63.3782513909191	-38.7774064453705
60.3686799669879	-45.9386773758604
58.3154112331552	-19.7840646154422
51.0131398782946	-35.0079485225505
60.6048248632501	-22.3943587381908
55.13302268693	-30.8759762501926
66.0995647933166	-35.353205429411
60.2625484857959	-28.8212638514881
62.5026973732162	-21.6312833893912
61.5079310478613	-26.0579051002098
52.8189483920625	-35.265830356829
65.9308011052868	-26.1571092748245
52.6785953103646	-26.9453984221208
61.3415361414729	-27.4908047136561
63.6506919517367	-26.5343365107386
53.9971494698285	-30.2027275114848
56.35151058097	-42.0643513588743
68.8444122222518	-34.2196041147858
70.2148027744299	-27.5875890818301
59.2000731944587	-22.5234751708242
68.8407536458639	-34.5179770187865
65.7723669622404	-28.721571060518
68.2451135069837	-32.8734996983728
65.5929247480091	-32.2899415143789
51.8462480891545	-39.0547648703439
65.512276524726	-21.8184354285048
61.3343321909524	-41.4016870995603
64.1396177295888	-36.3623753006074
62.8527066029742	-36.3758391336948
54.1185049603723	-26.0920260013315
58.3248660202521	-25.0583400032733
54.8123187163459	-32.1196297758507
69.3070738197738	-33.2956696664961
55.2345477446764	-39.7485501048915
50.7272504801205	-28.0376115018223
72.0547049633867	-24.6979430851903
55.4857424109196	-36.9624307792261
60.429245452995	-30.9631441230003
59.3805976015235	-30.7931279425449
56.3313048846563	-29.3742232236342
56.766103512662	-20.7509780971824
58.4840326239623	-20.2176241937404
53.0863839192179	-40.5142473999136
57.7023829556946	-35.9025988089215
60.9279160902853	-21.8873625842665
54.3805353281748	-23.1167791316424
69.6256435940339	-23.4857436355882
53.1918861415052	-28.1042496556864
63.6749721734922	-23.1128864208906
59.2568922558343	-37.9546785018717
61.0298512871961	-37.0775586017031
70.6006172179345	-23.3762646384468
61.944492316686	-21.9843756251579
63.3948753102255	-36.0133014926563
59.7556385141115	-26.4800541119318
56.8530551211807	-25.2056783957106
68.4035600344451	-22.8211541034642
66.1250294393644	-34.1004469419859
54.5432287332621	-26.0157855801253
56.5118531086704	-42.832680960034
47.4109302306771	-34.7122643263424
68.826136181093	-30.2985639656674
61.8530047996105	-24.4768502315833
62.91851517091	-22.1694507980682
55.0776526741693	-38.0097168616602
62.8959401206121	-28.3986058873386
62.3495852416259	-22.6317944537596
59.5176866211073	-23.4206442966811
58.8764288968642	-29.3803696428838
66.0295290340162	-22.7229002450395
50.614626937038	-32.3320760240425
57.55085868299	-40.7030559645159
61.4254088757885	-27.67012910057
60.5349552480655	-35.1897654597855
67.1407113708598	-30.2728818683471
68.677218847274	-34.2861081402313
59.7746668933965	-31.0107206911335
58.2261617528223	-35.1242663629317
62.1225542227452	-21.4147695958205
50.504493065481	-33.0366263440864
56.5521626693755	-29.9428288145341
70.7037598768256	-25.5246398462386
64.3182778773951	-25.5303570458031
57.3774884172622	-25.9431054988979
66.7241476268863	-23.9432709433252
53.517052085595	-21.6222925719665
62.097786223828	-20.8982139452096
50.0776927635665	-38.718402439639
59.9584264009065	-28.4831793086215
56.7726426666181	-36.7700509198519
50.32054093655	-33.6231105023463
55.9150953450306	-40.4460407525402
58.8887674740132	-19.3616415985733
60.5563393973991	-35.884284286955
61.3573011894351	-28.7288024593603
48.9584306141903	-31.7090045853779
55.1588598877851	-37.3593974239374
66.2836438738794	-32.0142258191687
54.4070273005051	-28.7584245104298
54.6871729709216	-20.1751632570471
53.2127613432438	-30.2905089133044
57.0898459799511	-21.2315234023718
62.7763927011537	-41.0015233793885
58.1227809431872	-27.2885770136566
51.5574865511703	-33.8927068928684
50.3532118875748	-35.3101126110495
61.8409206719172	-21.0644114669657
53.8654630058728	-27.4576673292351
49.7988472109494	-35.0901868969163
62.1456282696052	-37.1050574312458
64.7920603103749	-26.2829853847834
54.7954699135244	-35.829839198021
58.507809106981	-25.9637511446455
66.5446195556594	-23.6431387127968
62.6596404389666	-40.7227499078761
51.4238966258591	-36.8430516625992
51.6009949820751	-32.3065274652022
55.3672978308897	-42.2396961507249
67.954957872008	-31.6879172653176
64.6380293481621	-38.685062517542
54.4496650346883	-40.8671063033614
53.398169479718	-30.8916104503361
56.037163215414	-25.940293729429
71.0796970875749	-29.1374168714145
47.3753742614309	-35.8817337037851
70.0661260986054	-29.0509978061741
54.9283922557596	-28.776932154026
66.6588821781112	-22.1098694425067
64.6907679399192	-30.3584608197373
58.5435731616411	-24.826158411393
50.2215343264835	-28.9136644148375
53.1390264763419	-25.2663702408286
57.519178907169	-37.6394959828779
65.5352201081551	-37.9894383398289
67.130947595725	-34.3526414544795
67.5761549943581	-26.7552924891225
52.5571990423499	-38.3816001336944
48.1461220816077	-33.3877077455601
58.5128404307896	-39.0379700384248
59.3241372189485	-38.3491374508914
59.6411109918867	-38.7609955967781
63.4592258697966	-30.2956936214725
60.0344736305205	-24.7076582440818
62.0569510380012	-43.1949873002311
59.8513602488725	-24.2301377701343
62.4270968925713	-21.6051191518473
50.273527072964	-31.8061719740674
63.7620541191767	-28.348701107867
69.8940723395868	-23.4405002461254
51.7286074421061	-34.4856502345611
51.731985385986	-37.765118668212
55.9329027027244	-32.540659108991
56.7522599788629	-18.5275737022298
70.558831837107	-28.0502433105822
55.6125728066682	-42.8893302095408
65.8529172159876	-27.9529049321227
58.8478207162119	-30.6472918371685
66.66792640216	-27.5602465380152
70.045337006122	-24.7218357671675
61.7540059287961	-36.0572163615859
56.5928893751875	-27.5899704995816
61.8855444816228	-39.3192291914921
71.8367662587064	-27.2738815259579
47.2655685932486	-36.6497220392858
60.8024517454826	-33.9117422397944
65.3943324990666	-35.5653606336492
56.6187964741104	-28.3278658889663
56.426308741378	-19.528332796803
71.2792205791141	-29.5977214263869
64.1084515666964	-33.6862410743696
61.5929146951848	-42.7763130640275
50.5445089429106	-30.9737149163615
52.9944498423804	-32.6024030694584
55.8128096204348	-22.7199886063593
53.0641562283174	-27.0258732287549
58.7219829202085	-37.8437355703522
57.9929949627771	-32.5840902166581
49.0103358261831	-33.2948867276156
53.7270883924697	-40.943894207412
55.0872664210915	-21.3227103870894
54.8764166920639	-28.7252935762016
54.1054913574342	-29.572815303427
59.654430784323	-33.7096319736425
64.5968596344541	-26.9155368768048
71.8333646566744	-26.7716888167564
56.9351620605157	-20.8127778334083
56.0230298455325	-38.1161084966262
50.5254576145595	-38.2814606936485
64.0478903868166	-38.7735043167152
49.9815400851006	-29.523687959357
60.5452220875029	-31.544714016376
50.9803645020132	-32.8546029536482
64.2496781216105	-27.6835774651588
69.4271342200457	-33.6222044784657
54.044085611288	-22.3416026828823
54.8179502017658	-30.3110860194208
57.0509686636576	-35.7186656321084
55.3930909386334	-24.674178330074
60.2314786056671	-22.6515227959417
66.5640199839108	-35.1397800730386
51.2101809383707	-39.1814722574246
49.6985783774312	-34.9546693198825
55.4179033350181	-19.2010023163009
55.3484366078918	-29.0955574798315
51.8899230092517	-30.8344854034233
54.8801824278598	-21.4962595975401
56.2905238743117	-20.1549255011161
69.8102169905376	-31.8437828113128
56.5683802277526	-23.9769046878118
56.8024411274881	-38.2848884281807
56.5432552657244	-32.1210395839726
63.968978916173	-34.1419073342748
51.0077829445532	-33.7997363759149
55.4402852918614	-19.3497588294278
61.7929452521332	-24.4655577714237
59.1871346351294	-40.2386380694361
56.8579299983214	-35.8192098783038
56.7025976008554	-28.1597500932708
62.942767708584	-41.6767092412924
58.6284224849219	-25.5653999954921
48.3815884422835	-37.1513377928912
59.7475759883028	-39.4561422787629
48.9576987473444	-33.5848274279365
48.6589773452406	-32.3656843541947
68.0862395527696	-24.3515930395297
55.2104836508041	-40.7493177248932
55.2773773329326	-19.6616493507689
47.8747665329023	-36.4972153652864
62.1418247741956	-24.4532618219569
59.8074791821203	-28.3347460528632
60.7663709965777	-40.8487032340842
64.018218914424	-27.6898925065606
69.0531955736282	-25.6120807641678
61.2175207555715	-37.2501107722
59.1115047852707	-23.1417458723607
51.566513346374	-30.3992483673237
53.1332715604621	-40.9624651758435
55.8290085489305	-21.7331521975862
55.3432596989059	-30.9303023893957
66.2291736333947	-22.5720504127929
64.8119483400369	-22.2659437789731
51.7937079703864	-28.0047534300578
70.4657984511478	-32.2617614001811
61.4844931742257	-41.6437834389311
58.4065126759333	-39.2327526059037
54.7110608200564	-29.6315410322191
64.9692109875165	-36.0278465032199
55.9429852121223	-31.922257212739
61.907376562109	-37.9814905868272
54.4887613798806	-28.0394950611889
55.5358283561953	-39.2052569025025
50.1365757955031	-34.0216382248382
60.6855492785198	-28.3239299668027
55.7224215693827	-33.38882050094
56.6271030640994	-33.1565317632569
50.5780151739223	-35.9970940641947
62.6106428958803	-28.0333265269136
60.7156891179827	-38.7546899733242
48.2851940351649	-32.3851761919937
64.870270375836	-26.856882197417
52.6965644386921	-26.4229937054599
60.904587260898	-44.3310292073132
57.5979665294203	-18.8370446640598
61.4780251736528	-30.210965240252
62.5837523811093	-43.1897619569731
57.2690112656969	-28.8158367681641
59.4040455621469	-37.7425988883963
60.4148766078735	-25.1482859148576
48.7050297777898	-37.6163750824638
55.3295476743994	-18.1165546985723
63.430138585311	-37.5274235599547
52.0352275369262	-26.0686611696942
61.2265695789027	-24.1301321504832
59.5639940509086	-39.3349083220404
52.2336296362367	-36.4251332876691
65.0759212010555	-25.8442426825399
52.3009471389652	-29.506159159863
46.6271515099389	-34.7801328644559
54.1412831135815	-20.4366915819321
63.1224272679768	-27.367849308979
68.461160480279	-30.209243712703
65.4479080911705	-31.3292982125311
64.4767782726602	-39.930573043449
51.4162160406041	-29.1610155527191
65.365195154866	-29.0751244600308
58.9850009420059	-24.9890628850216
68.635801248106	-27.9538706985365
58.2974849462364	-19.1108803811688
65.7530883832374	-29.0142769695572
55.0735870391535	-39.851981263681
51.7542905029954	-31.2941498451637
54.2141728648161	-38.0599666392896
58.2708010003812	-39.9137902331258
55.6663106579495	-26.6111228198409
63.1870611188461	-20.4697754546359
66.5003360017953	-38.5178895014814
53.8593305562307	-24.160161672362
67.9355433862226	-27.7378143482622
59.2739363715945	-41.7821836075637
60.0004721848374	-45.0660064527195
53.4459028693074	-28.3937645704926
48.0833231950692	-32.7019346601775
59.4690529861265	-39.9464809080009
60.1367253626301	-25.2174218083371
63.3037010395156	-40.7026907550304
65.4624449707319	-28.6815131827786
47.0166876105509	-33.8596321027248
54.9439639508462	-24.1072774358308
62.8854712054364	-41.6545605098677
55.6001857693114	-30.921250660639
66.8242675067861	-31.6019567777297
70.4085356911307	-24.2573494395158
55.1095754370554	-42.3788283833744
51.4247146163891	-37.1159686202979
63.433961243615	-35.9038251575449
66.2829254236162	-38.1143725815779
50.5712538681118	-38.4692069349888
69.4391322215176	-23.6931174884732
61.9101820450927	-32.3658610134736
60.3490854746913	-24.4929537289484
71.2856163264585	-26.8087020379009
58.369141466209	-28.3047738817621
57.8499157792269	-40.4167309951752
57.2842577820111	-26.6026203664997
61.1644989450518	-27.0277814257988
61.9830757876248	-39.426766490616
59.5930670277032	-29.5563320158586
61.2131069686709	-33.4993124592439
50.2670045630461	-31.2519495753258
72.3685933153984	-27.5914697243636
62.6924716787594	-23.8897905978256
48.1853014861559	-34.7523354709905
64.9286901772174	-28.0030229059457
61.5418456087593	-38.0981054524714
53.114175172853	-25.6192368291385
57.3617283500843	-21.5608562142402
51.6566546314302	-37.2559543199358
53.4209891775938	-25.1380093740019
57.5206270992129	-30.2502488934107
71.8785608374918	-24.31556892057
53.5818012946965	-32.2333906068794
46.7643457449671	-34.6290639065681
61.7214278689214	-24.6993065048704
57.7881843722186	-33.6470302844467
57.9934108066735	-19.7990581343762
68.4178932419602	-30.2329602310416
53.5564494602991	-30.6968992115886
59.3806887411058	-26.363510855573
73.225265857388	-25.4137864182975
52.7673495389931	-32.5134929318541
57.872884941599	-22.0185283008752
67.3891093090623	-34.4847494775772
55.8649774266423	-21.1653466099835
56.8851701332194	-20.8620593162489
69.1862593560797	-31.137090684797
63.9808562925239	-23.7307317222921
59.6441094873138	-32.7625197972519
63.14036209588	-21.0284848337002
61.2455140822621	-28.6373725191303
53.6572882413844	-37.3205709841233
59.4800175166781	-43.24649253079
62.2011719182479	-42.5103494692359
68.6845396561946	-23.4891913912896
70.5053873690018	-29.2187055145673
48.9727428970573	-35.4894470672441
54.9138809538923	-21.4100275240774
53.8028619217365	-20.7068720242957
53.0363810920628	-36.3011732683323
56.8025131161971	-22.4553090311457
54.5497631827757	-41.646131113263
59.4269249319038	-32.3468111741771
53.2775701404679	-33.6416500773598
63.2388580476603	-39.1944745190935
69.7491174853245	-23.7445364245841
61.9824338470369	-24.6658061777371
60.7369239865845	-23.7903124117329
47.9798304325843	-33.0126259431216
60.4568447519469	-36.4986893276868
51.5389320042965	-34.9469796671544
61.9261774534483	-41.5969776066006
58.9663168625997	-33.9071360580555
60.6913762160681	-23.7969105767887
53.2626547669488	-40.28222942163
55.652297038725	-28.9460659557309
69.7003708572645	-23.3890722851463
68.2907238454408	-22.9690996050291
52.4481044728038	-28.5600199091292
62.1309528114334	-29.3161167746247
63.9957717904728	-42.8737926120576
51.2353720360437	-34.0535908874261
51.8662127778216	-25.6226164176444
52.198544991133	-29.1369233243433
52.2607016389066	-37.5807924904357
60.1938493403114	-43.0945634807442
58.6932617110187	-33.5187877125929
60.5224424433063	-32.6970650165527
52.6541169234454	-29.078625672685
70.8820577256398	-29.7960734423022
65.3269768188808	-40.6466443843204
61.7069550509652	-27.3834219618031
59.0014356142989	-27.6759732521142
65.5422955059611	-26.7740079145666
56.2482012334164	-35.9031023451329
49.3091653357707	-36.6870251436339
54.6601520936443	-40.1812564898072
67.7711561726924	-27.8226165379272
66.5080641367307	-24.8531166010326
57.7050308605101	-18.9278185057756
59.7623752290329	-38.3520352391406
62.0477287335454	-34.8195614419304
52.0052044786589	-40.4266695033475
50.9591135735983	-33.6013443747882
63.2799496662533	-39.0519854839219
55.2155354695247	-22.1965029410864
52.0828730057839	-26.5948254264506
60.0035391272761	-30.8508702016887
69.0129784748277	-26.1466786042314
60.6931202294841	-46.4201815680355
62.9213964838995	-27.9749435122918
48.4728146203004	-31.5387879092712
67.1989121126855	-29.750400180024
62.9573117895491	-41.6547355319117
66.0686340682677	-21.6967092517124
69.5311519882525	-30.8555311603371
55.2191915791474	-22.6920885188081
59.706774235561	-32.0816070417887
50.8341268202043	-32.322579575699
53.6619146120719	-34.8218296499008
57.7180969743903	-39.3578566699825
60.6270294847229	-21.5406335992827
59.2415329698657	-32.9327978067506
58.2675763540355	-31.2951936537649
52.1670795379186	-38.7426923752657
55.2170526462623	-19.2610357213702
60.438435838622	-21.4142446371749
50.6236194245318	-29.9506520189489
57.9660371371587	-24.3428724396596
61.6890466374644	-29.3845269650669
57.5444960867891	-28.4652590031695
56.2066208242807	-36.0978638636075
57.3792596495874	-32.7949487278946
49.4973226491066	-37.3531143356246
57.7958528644046	-38.5450423748125