22.0283 1.84801
20.09782 -1.45925
22.03513 1.22508
21.88176 -0.04798
23.51849 -0.83512
20.28033 -1.89809
21.26259 1.34334
20.63835 -1.20161
21.52327 1.58097
21.01396 -0.66604
23.51459 -1.05652
23.79431 -0.3108
20.19524 0.654
23.97625 0.56059
23.02196 0.30332
21.22183 -0.54854
20.39638 1.80341
23.01354 -0.18818
21.11313 -1.82026
21.25808 -0.48661
20.92599 1.09805
22.6729 -0.23209
23.4601 1.9869
22.6848 1.06945
20.51403 -1.41724
21.05398 -1.14615
21.95908 0.17887
23.63723 0.96802
21.7431 1.42028
23.59813 -1.39097
20.546 -1.93481
22.03689 1.5983
21.36537 1.70621
21.39284 0.31367
23.22364 0.21569
20.56931 -0.16088
21.69976 0.29059
22.38889 1.98742
22.19824 1.70319
21.43528 -1.77025
22.59177 1.20564
20.13451 0.1897
20.44182 1.10722
21.76133 0.01198
22.45338 0.14507
21.40027 -1.5658
23.97097 -0.92558
22.25008 -0.55555
20.46811 -1.93438
21.32806 -0.09185
20.45823 0.52835
21.08373 -0.34669
23.06232 -0.27463
21.96895 -0.75851
23.54153 0.02344
23.71041 1.56107
20.50919 1.7179
22.6149 -0.7733
23.25641 -0.04212
20.48458 -1.86467
20.3324 -1.0043
23.9903 -0.71799
21.92625 0.57588
21.65269 -0.29615
22.90345 0.40291
20.81052 -0.28897
22.06079 0.07936
20.92879 1.59168
20.91454 -1.89474
21.13082 -0.02504
23.78192 -0.03716
22.64297 1.11771
22.87157 1.82603
20.00835 -0.60399
23.04488 0.49459
20.17005 -1.85195
20.30401 -1.39055
21.6332 -0.36261
21.48122 1.09351
22.36127 0.06737
20.39381 1.21392
21.94348 1.24321
23.76543 1.24526
23.08533 0.71811
20.16492 -0.47191
23.51037 0.1551
22.97977 0.5759
20.04836 -0.857
20.98229 -1.78828
-11.67151 6.94371
-8.58387 7.41405
-11.69716 7.00809
-11.44091 4.46093
-8.1296 4.45962
-9.38163 6.6421
-8.70919 4.13991
-11.99063 5.03391
-8.47301 4.09319
-8.42521 4.55704
-10.5369 6.00194
-9.84029 7.61044
-9.18985 7.17585
-11.66729 6.75994
-9.29816 6.50466
-9.93877 6.95895
-10.04839 5.29153
-10.00845 5.54893
-8.75746 7.36029
-11.60963 5.80537
-11.72022 4.00828
-9.31087 7.86822
-10.91494 7.59571
-11.99515 5.48055
-11.04192 5.80447
-9.34825 5.50046
-9.02471 5.35363
-8.96636 5.75044
-10.39958 7.77181
-9.17194 7.69421
-10.7671 6.67999
-8.62187 5.66061
-9.36691 5.90159
-8.56358 5.96874
-8.4123 7.70662
-11.69767 4.69239
-10.71684 7.07681
-8.19776 4.47278
-9.06801 7.55204
-10.11567 5.68067
-11.05164 5.22319
-10.63274 4.05129
-10.65747 7.76812
-11.81271 7.24286
-10.31121 5.07862
-11.75388 4.75596
-8.56271 7.33455
-11.76442 4.96629
-8.60566 6.48102
-9.32703 6.72518
-9.64348 7.99199
-11.06911 7.21206
-9.65878 6.9436
-8.49032 6.99263
-8.44114 4.43778
-9.0705 6.65075
-8.6803 4.66714
-8.16395 5.94174
-9.45355 4.07982
-9.05967 7.54103
-11.60616 5.59317
-10.69374 6.29924
-11.49023 6.43476
-9.67347 4.0704
-10.85224 5.9889
-11.16292 6.71556
-10.34611 6.3107
-9.97905 5.08416
-11.15183 6.89376
-10.11247 4.10108
-11.91452 7.89973
-9.61405 5.56465
-11.16641 5.78001
-8.09462 4.97475
-10.03181 5.38149
-8.42329 6.98245
-9.42732 7.36568
-9.27025 7.60321
-10.46192 6.1919
-9.14428 5.96419
-11.19516 5.4276
-10.81025 7.26034
-11.71927 6.86271
-11.18925 5.86925
-9.30324 5.47712
-8.30199 7.51959
-8.28841 7.06549
-10.54258 7.15825
-9.4182 4.92
-9.27847 7.20576
-8.66559 4.70398
-11.87435 6.88669
-8.88377 4.4501
-8.33711 5.99064
-8.05601 4.95451
-8.1193 5.36625
-10.37355 5.84419
-8.86618 5.75543
-9.4107 4.38942
-10.6584 4.37084
-8.25701 5.5389
-10.0597 6.83729
-11.03754 7.09511
-8.0665 6.41396
-10.31191 7.05471
-11.52322 5.18117
-8.79104 6.07209
-10.83975 5.38645
-11.58375 4.70537
-8.89811 7.80897
-11.13986 5.30049
-8.30067 4.82072
-8.42019 5.16756
-11.78784 7.33121
-9.64913 5.10494
-10.10956 6.90412
-8.75965 4.18145
-11.38172 7.18573
-11.29134 5.78304
-10.71454 6.85201
-10.87837 6.00559
-8.18643 7.37017
-9.39961 6.63972
-9.85809 7.20215
-11.21965 5.46685
-10.21686 4.50904
-8.08998 5.79893
-10.53969 6.7037
-10.87545 4.60157
-10.53422 7.1651
-9.16802 6.29972
-9.76624 7.95354
-11.08059 5.50425
-10.40664 4.92067
-8.77672 4.1479
-8.96613 4.78409
22.75678 1.70667
22.22205 -1.03845
22.13032 -1.80616
23.64082 1.63812
22.14677 1.2944
23.98535 -0.08982
22.554 -0.09971
21.11777 0.17504
20.33028 1.0398
20.11976 1.15344
21.03683 0.55531
23.3576 0.64506
22.9541 -0.84438
21.67785 -0.47739
20.53508 1.6902
23.7373 -1.60262
22.98741 -1.43492
23.11318 -1.43624
22.96248 -0.9429
23.77674 -1.73316
22.73269 -0.13662
23.55793 0.17261
23.45396 -1.95408
23.1912 1.66656
21.96368 -1.49559
22.78028 -0.05031
22.22093 -1.20605
23.25358 -0.20969
21.59399 1.20319
23.96261 -0.19019
22.07528 -1.34728
22.64678 0.98137
21.14718 0.58164
22.6571 1.85892
22.44465 -1.52707
23.30507 0.70651
22.9235 1.45923
22.468 -0.85773
20.47695 0.71846
23.88925 1.63474
20.56404 1.99795
20.70015 0.42557
21.09967 -0.09555
21.81981 0.08278
23.71739 1.47068
23.82033 -0.4715
22.81092 -0.6121
20.07735 1.23453
20.11883 1.6059
23.61378 -0.97251
20.22099 -0.49783
23.6903 -0.47555
21.96876 1.94839
23.94791 -1.98984
23.44083 -1.98536
22.13536 -0.66612
21.01941 -1.81186
21.78921 -1.47103
20.16622 -1.67282
23.89204 0.24827
21.01046 -1.78239
22.714 -1.73029
20.01642 -1.13143
22.80616 -0.06598
20.67434 0.85742
21.29355 0.24886
23.58456 -0.06919
22.9824 0.60118
23.1424 -0.39918
21.21895 -1.3532
21.86274 -0.58412
21.82055 0.53981
20.29082 -0.93758
21.88733 0.87998
21.69981 1.74055
23.02313 -1.75682
22.20358 1.66764
20.19981 -0.92996
21.19675 -0.47544
21.52243 -0.91983
20.2215 -0.04936
23.79675 0.45926
23.45442 -1.96217
20.0759 0.55625
23.76028 -1.08506
20.83216 0.80354
23.36757 -1.55356
21.05344 -0.96441
20.04087 -0.83231
21.88296 1.19112
23.10137 -1.01908
21.27744 0.39647
22.81228 0.35533
23.70408 -1.57699
20.4328 -1.92786
20.1077 0.64999
20.71046 -0.20259
20.4318 -1.24521
23.43762 0.44902
22.42442 0.94256
20.18323 1.06483
21.59336 -0.75177
23.51498 -1.14983
20.28516 -0.91749
22.09129 0.35246
23.05076 1.72902
22.2604 1.72141
20.84784 -0.16809
21.60727 0.39663
23.56435 1.21889
20.79265 0.41043
21.48649 1.8754
20.28011 1.64629
20.9133 -0.47583
20.77741 -0.1317
23.30901 0.02869
21.46742 -1.06392
20.87223 1.39219
21.95882 -0.42932
-11.46386 6.00952
-9.49177 4.01565
-8.47382 5.71761
-9.22084 7.64403
-11.41627 5.94465
-10.37108 4.83656
-9.53973 5.98163
-9.1218 5.49443
-9.0553 7.60022
-11.95453 4.31238
-9.88273 6.08192
-8.2466 7.22533
-10.66834 4.30093
-10.56444 5.42396
-10.11794 7.15235
-11.36942 5.29419
-9.94705 5.21366
-11.37299 7.72871
-10.87062 5.01211
-11.30199 5.83309
-9.38065 7.95903
-9.1347 7.87631
-10.95508 5.65196
-11.36945 5.49745
-11.79871 6.44233
-10.33949 7.04923
-11.53389 5.49733
-8.74856 5.12303
-9.96039 4.22305
-10.4867 6.94396
-8.42756 6.48094
-11.17679 7.32469
-11.21777 7.87507
-8.10572 4.05283
-9.123 4.46662
-11.9767 5.9683
-10.37741 6.00128
-9.20331 4.31351
-9.04407 5.00862
-8.06447 4.89827
-10.48645 5.54464
-8.98369 4.11976
-8.18677 6.53606
-8.47298 7.82493
-9.90559 7.84884
-10.79381 6.04939
-10.50089 7.60793
-11.91279 4.52721
-9.4665 6.75929
-10.53526 4.09122
-11.68191 7.76219
-8.41863 5.6875
-8.03667 6.91635
-10.54444 7.24558
-9.66384 7.55616
-11.87963 6.12052
-8.14582 5.09203
-10.25075 5.10656
-10.31557 4.99518
-9.37658 4.37223
-9.55018 7.8736
-11.64346 7.62502
-9.00696 7.64781
-10.36211 6.95543
-11.23845 6.89674
-9.00109 6.5573
-9.51909 6.88958
-10.44854 7.00865
-11.79366 4.40444
-8.37679 4.36864
-10.76756 5.24326
-8.41423 7.60524
-9.47424 6.77845
-9.64608 5.43993
-11.80086 6.39759
-9.01247 7.67642
-11.37662 5.24986
-10.95005 7.73093
-8.88794 7.48004
-10.30238 4.48897
-10.04899 6.10546
-11.8459 5.26987
-10.36387 6.65497
-9.42782 5.26975
-8.89746 5.4942
-10.02103 7.95583
-8.89308 7.92537
-10.21501 6.39401
-9.96611 6.03284
-8.15801 4.59371
-11.80935 6.81473
-10.61177 7.87995
-11.62226 6.69656
-11.28684 6.13419
-11.37908 6.28973
-10.95169 4.07054
-8.72253 6.68576
-11.62666 6.27554
-9.5663 6.94595
-9.40833 7.62764
-11.82542 5.12784
-9.81439 7.88404
-9.4134 4.271
-11.01319 4.6379
-8.23375 6.47138
-10.37019 6.23815
-9.75779 6.70747
-8.29872 7.4607
-10.99843 5.28116
-10.43989 7.717
-8.47072 7.23377
-11.74836 4.17742
-9.06174 7.29399
-11.60337 4.10078
-10.77794 4.42521
-9.56786 4.34678
-8.40728 4.15109
-8.65976 4.24488
-9.02205 6.18458
-10.97638 5.0112
-10.4682 4.36716
-9.97674 6.85226
-10.68923 5.95266
-11.10514 7.42164
-11.53498 4.42534
-11.07363 5.87401
-11.44153 7.36549
-11.07101 5.79525
-8.30553 7.5503
-8.24977 7.2978
-11.76333 5.92414
-10.0056 4.89644
-8.19217 5.88929
-9.07306 4.85798
-8.16606 7.64403
-10.69405 5.09844
-8.92531 7.22185
-8.47797 5.622
-11.28597 6.74456
-8.5978 4.46364
-11.93224 7.83965
-9.61663 4.11173
-11.18532 6.9988
-9.07586 4.09498
-11.00895 4.27902
-8.05848 5.68906
-8.15909 7.50015
-10.86747 5.95574
-10.32009 4.87929
-8.89705 7.66424
-9.49499 5.8181
-9.34229 4.3669
-11.46843 5.25373
-9.6247 6.17227
-8.14596 5.64404
-10.21748 7.60706
-8.25781 7.29109
-9.23573 5.18275
-9.37999 7.7817
-11.17458 7.72653
-9.5597 5.50722
-11.77827 7.76728
-10.59281 5.02717
-9.65137 5.96821
-11.60477 7.87633
-11.59295 6.151
-11.0213 6.65631
-8.30986 7.67261
-11.65026 5.0324
-11.69107 4.82987
-10.04115 7.60404
-11.24698 7.90071
-10.34269 4.99546
-10.38259 5.65625
-8.76942 7.24993
-9.91109 5.9457
-11.96922 7.88037
-11.72936 6.47097
-9.23862 7.82312
-9.32284 4.55911
-9.40706 4.96581
-10.73907 5.55753
-11.89894 7.91195
-11.94585 7.21436
-10.92517 6.7358
-9.93852 7.16013
-11.39329 7.93115
-10.2399 4.99262
-9.38419 6.41144
-10.71987 7.90831
-10.26675 5.95601
-11.01399 4.76946
-11.91725 5.78736
-10.2777 6.60643
-8.31958 4.12679
-9.58728 7.42688
-8.66258 7.65167
-8.77465 4.86855
-8.34193 4.16486
-11.64721 6.26588
-10.05203 5.88263
-9.21156 6.32953
-9.83363 7.14959
-8.52825 5.53469
-10.9048 4.94616
-10.30992 4.40832
-9.07534 4.28708
-10.733 7.81896
-8.79434 7.64287
-10.4008 5.56406
-9.39767 4.20438
-9.76909 5.52454
-9.37915 5.07094
-11.36882 6.98228
-10.42555 6.18493
-11.37586 7.10904
-10.17838 4.07582
-10.02803 7.97442
-11.47773 6.29473
-9.94921 6.87657
-8.29255 5.57757
-8.6144 7.15452
-9.09888 7.3741
-8.85354 5.11638
-9.51372 6.69064
-9.10874 7.29651
-11.37615 5.02758
-9.38757 4.56076
-8.68168 4.47979
-9.17543 4.22716
-10.19237 6.09721
-11.32058 6.67328
-8.05228 4.73289
-11.03344 6.13112
-10.79476 7.08876
-8.77861 4.38435
-11.73335 6.71343
-9.98741 5.60178
-8.79918 4.76541
-9.42738 7.61241
-11.23844 4.63316
-8.90841 7.57155
-8.47544 5.62602
-8.05673 4.4764
-11.3461 4.19702
-8.82816 4.29233
-10.56274 4.8212
-10.8491 5.33272
-11.08381 6.05555
-11.66621 7.75164
-8.85788 6.92593
-11.7313 7.63723
-10.38132 4.24421
-8.01225 6.91159
22.56022 0.88821
22.17671 -1.24285
22.96256 -1.16369
23.37112 -0.06477
22.97477 -1.30985
20.69073 -0.69465
21.08637 1.66316
20.43988 0.6838
21.68246 -1.68493
20.52105 -0.44966
22.2255 0.56392
21.97995 1.81809
23.54741 0.19648
23.36949 1.96976
21.4612 -1.27824
21.98668 -1.81106
20.8635 -1.32261
20.49831 -0.53679
23.94606 -0.30912
22.13614 -1.63191
21.16318 -0.49914
20.68138 0.22783
21.31318 -0.64818
23.22305 -1.68889
22.02705 1.94746
-9.41813 6.80146
-11.48687 5.36428
-11.85922 7.48498
-8.89301 6.4498
-8.74215 6.54535
-11.56015 6.81296
-11.04133 6.71513
-8.12193 6.54741
-9.65321 6.60083
-10.80202 5.50612
23.0701 0.79613
21.92971 0.03748
23.39343 1.42341
21.77187 -1.02784
23.78872 1.58186
23.15022 -1.05258
21.85555 1.40677
22.02182 0.32821
20.89673 -0.3095
20.27794 -0.10574
23.77545 -0.31199
20.68473 0.55445
23.35762 -1.5857
22.29451 0.42523
22.96357 -1.89998
23.9732 1.08137
20.49542 0.61057
21.67451 1.00488
23.68043 1.59263
20.57056 -1.87397
20.5346 1.20602
21.80934 1.2507
22.41096 -1.94805
23.87776 1.09058
22.16088 -0.33881
22.90207 0.59182
23.37607 -0.27253
21.17926 -0.59288
23.1853 -0.31415
22.54463 1.13736
23.50453 1.34994
20.59015 -0.41228
21.62471 -0.88388
23.43446 -0.92096
22.67121 1.30373
22.78483 -1.21452
22.03128 0.16234
21.19825 -1.70727
22.0841 0.84711
21.61457 -1.5083
21.67452 0.09503
21.31405 -1.95657
21.49801 0.95402
22.931 0.23616
23.84977 0.04673
21.56816 -1.27146
21.28833 -1.90944
22.90439 -1.26335
22.82404 0.84314
20.00438 -1.32515
22.44065 0.08157
22.4261 -1.85561
21.3693 1.70968
21.10328 -1.1552
22.68014 -0.51195
20.51463 0.30247
20.14284 -0.48626
21.00773 0.74025
23.22125 0.25895
23.8271 -1.35586
20.63439 0.10453
21.17913 -0.20056
23.81382 -1.35167
20.43755 -1.9336
23.58486 0.84619
23.98753 0.43739
21.21545 1.11199
21.01191 -1.40753
20.17163 0.11073
22.04257 1.9839
23.94341 1.62361
20.07183 1.47221
21.75666 0.21533
20.16974 -1.61651
20.63213 -0.81221
22.01767 0.73604
20.34314 1.49669
21.66795 1.04406
21.97723 -1.11283
21.51213 0.63888
22.87942 -1.87369
23.89985 -1.85949
20.78773 1.31666
20.8362 1.51982
23.83198 1.75398
23.94208 -1.0121
21.28873 -1.94013
23.35751 1.35128
20.0772 -1.63359
21.90316 0.89595
21.52983 -0.87917
21.43744 -0.70102
23.91291 0.68009
21.02092 -0.5746
22.4663 1.98487
22.74841 0.89769
21.40446 0.80605
23.39952 1.60623
22.89247 0.83976
20.2216 -1.32887
23.28188 1.53102
20.6842 -0.53916
22.26417 1.44372
23.54017 0.22522
21.24027 -0.87467
23.40655 1.782
20.64101 0.2295
21.28737 1.36402
22.36996 0.6312
21.80655 -1.6638
20.90129 -0.76252
20.21885 1.2731
23.22644 -1.71706
21.24488 0.35257
20.79071 0.63479
21.7604 1.88947
22.2715 0.77261
22.5749 -0.25924
21.96556 1.80485
22.66553 -1.34642
21.17551 -0.89296
22.64944 1.26779
20.48785 -0.00767
20.92991 0.63365
21.2567 1.26177
21.3479 1.14705
22.00335 1.21303
21.05786 -0.73137
22.24037 -1.9026
20.80355 0.3023
23.11172 0.61811
20.01754 1.01915
20.38261 1.04471
20.75492 1.04084
22.75437 -1.58831
22.99878 0.29854
20.85674 -0.73625
20.36847 0.41645
23.89458 -0.87242
20.60961 0.371
23.10161 0.52479
20.62941 -0.41595
22.47409 1.42882
23.97168 1.87216
20.18098 -1.54906
20.78622 -1.55625
21.5949 1.36373
23.64607 -0.76441
23.06244 1.23071
22.20928 0.81862
21.65491 -1.98832
20.12993 1.9016
21.35812 1.64157
22.69562 -1.54489
20.3972 -1.08646
23.75402 0.37434
21.83455 1.02117
20.13112 -0.10972
21.03206 1.59232
21.43584 -1.80293
23.43905 0.67161
21.43393 -1.84907
21.97771 -1.81314
22.03938 0.4821
23.68522 -1.4596
21.14231 0.37114
21.25657 1.61689