10.31711 -0.2024
11.39982 0.11517
13.29377 -1.94876
13.40999 -0.46804
12.8946 -0.89955
12.85125 -0.89489
10.30897 -1.58332
12.78674 0.98289
12.4376 -0.92171
11.76853 -1.70516
11.30584 1.74285
11.92298 0.03878
10.62468 -0.69402
11.69696 2.01245
10.9299 1.39042
13.79772 -1.93983
10.24256 1.30951
11.75175 -1.92087
11.66884 1.3781
12.26269 -1.68767
10.20333 -0.7301
12.86693 -1.22518
13.09139 -1.992
11.00539 -0.00615
10.07052 -0.95808
12.27912 0.06218
11.45523 1.14814
12.46762 -1.13044
10.8332 -0.08062
10.56301 -1.5592
13.51997 -0.05719
10.75754 -1.49445
10.18886 1.55686
13.51232 -0.07754
10.05255 0.42026
13.8602 1.38865
12.07326 0.55134
13.65965 -0.20061
13.15394 1.0795
10.05222 -1.47114
10.65522 -1.45129
12.0862 0.57202
11.29235 0.69986
10.23831 -1.75719
11.27518 -1.28375
13.53924 -1.43926
13.06417 -0.23398
10.93073 1.0921
12.76575 1.8727
12.36701 1.95942
12.96257 0.62046
10.39641 0.58786
12.91624 -0.79453
10.49058 -1.77214
13.19078 0.52125
10.064 -1.42777
10.50569 -1.03069
12.92004 -0.54383
13.02559 -0.14771
12.62504 -0.87779
13.05951 -0.98578
12.6773 -0.6779
13.66601 1.99313
11.07704 -0.90311
13.01137 1.79999
13.06725 -1.56937
12.52102 1.20109
11.11176 -0.73354
13.05538 -0.07592
11.36415 -1.52191
10.15171 1.92542
11.14502 0.13493
12.92886 1.95502
10.34993 -1.1469
13.85552 0.40916
12.18512 -0.07478
10.08876 -0.50858
11.58069 -1.18603
10.62002 -1.74484
12.95901 -1.68685
13.26286 1.66858
12.62258 -1.86711
12.13857 1.28138
12.93462 -1.44815
10.2611 0.88654
13.92817 0.73065
10.09205 0.81887
11.67551 -0.13836
11.13753 -1.35679
13.66788 0.79936
11.50026 0.05827
13.24268 0.56311
12.81324 0.89615
13.11703 -0.31929
12.2214 -0.44005
10.30716 0.3687
11.65125 -0.58036
12.39154 -1.42647
13.70277 1.96735
13.09859 1.38264
11.28102 0.8415
10.26846 0.48794
11.30061 -0.09335
10.01941 0.3243
13.09811 -0.05983
10.14066 1.72
13.22305 1.79317
11.46276 0.88711
13.09145 1.40898
13.44756 -1.19185
10.47221 1.51448
11.86781 1.07555
10.81886 0.71049
12.35319 1.66454
12.96466 0.50671
12.23215 1.31812
11.70977 -1.60996
10.11653 1.06069
10.63196 0.63043
10.2959 -0.32696
13.55427 1.68821
13.2459 1.69846
10.43817 1.81034
13.50646 0.33309
13.46665 -0.70338
12.53148 -1.23905
13.02143 0.97716
13.97618 1.98328
10.28347 1.66155
12.67875 -0.66066
11.18769 1.74564
13.15945 -0.18667
13.82465 1.00569
10.19365 1.01272
12.74025 1.01462
12.91056 1.50231
13.61931 -1.50914
12.00033 1.19483
11.44964 -0.23405
11.58621 0.01106
13.32652 -0.24612
12.71426 1.15929
11.80054 0.2602
12.2114 -1.7456
11.55402 -1.67403
13.67664 1.05315
12.1643 0.39139
11.83236 0.95715
10.08595 -1.86606
12.21346 0.30802
10.31245 -1.61745
11.15107 -1.90712
11.86414 -1.07426
11.44801 1.8154
13.45083 0.54891
12.96802 -0.81597
12.018 -1.74433
10.84009 -1.53699
13.23992 -1.33751
11.53563 -1.20245
12.63875 1.14108
13.92498 0.29545
11.72193 1.33599
10.69441 1.45576
13.49662 -1.697
11.16186 1.96771
10.46106 1.4339
12.52579 1.06431
10.60868 -1.82917
10.54967 0.56915
13.57186 1.49602
13.29622 0.56115
12.55109 1.0451
10.48334 0.80553
11.18899 -0.90114
10.8944 -0.36102
11.42366 -1.7693
11.51207 -0.25152
13.68263 -1.68816
11.77565 1.78543
11.84033 -1.32088
12.56011 -0.45607
12.11031 -0.22552
13.22473 -1.60453
11.58433 -1.58563
11.25019 0.89392
11.28744 -1.55948
12.13985 0.93149
10.75732 -0.73316
10.63815 -1.71755
13.76152 -1.05587
11.65941 -1.07411
12.35774 1.95548
10.1437 -1.36226
12.19925 1.21627
10.53402 -0.555
11.64481 1.15768
12.72906 1.949
13.63564 -0.93388
10.73254 -1.82564
12.77339 1.33078
12.83345 1.90343
13.12396 0.21568
12.24421 -0.11014
11.02937 -1.78169
13.44729 0.86606
10.867 0.21839
11.67643 -0.92654
13.92074 0.41176
11.21954 0.80166
13.92175 1.80551
12.60064 1.54558
11.30106 -1.18528
13.29048 1.64029
12.90221 0.11367
11.70213 -1.95676
11.9877 -0.2645
12.81672 0.18186
10.13464 -0.54059
13.273 -1.21994
13.97984 0.97819
13.97384 -0.08919
13.58436 -0.38227
11.84082 0.28612
11.73711 -0.10711
11.05075 -1.86631
10.19593 -0.56965
10.79184 1.31458
11.267 -1.07786
11.06038 1.9825
13.69593 -1.19546
11.12429 0.98969
10.85903 0.39348
13.76174 0.3504
10.79251 -1.24103
11.58986 1.17021
11.81166 1.84958
12.60389 -0.97663
10.50383 1.87498
13.73831 0.21056
13.55423 0.02823
12.36176 -0.6708
10.12761 -1.2063
13.09219 -0.83016
11.1354 1.38587
13.56869 1.6053
10.30064 0.06134
10.00493 -0.08234
13.78556 0.78773
12.63321 -1.0036
11.33814 -1.05949
11.90106 1.91676
13.35083 1.0601
11.31215 -0.70337
10.59029 1.93915
10.19799 -0.70425
10.05115 1.90685
12.36465 0.68304
10.42662 -1.99829
11.57802 1.59548
13.84617 -1.36112
11.02352 1.16012
10.69804 0.1441
11.47483 0.22744
13.45832 -1.1016
10.55863 0.63946
10.46031 -1.82956
11.59519 -0.00214
11.31412 -0.19508
11.93834 0.76576
12.24925 -0.95796
12.48988 0.51978
13.10369 1.34697
13.57949 0.88254
13.04524 -0.18184
12.16256 1.69033
10.76988 -0.21414
11.61897 -1.05497
13.9758 -0.23541
12.94154 -1.13629
11.43781 -1.25668
12.74388 0.28834
12.87732 -1.38668
12.63431 -1.40602
12.0592 1.16074
12.346 -0.73709
13.72412 1.2286
10.64073 -1.36717
13.25369 -1.89605
12.8648 1.86799
13.77398 -1.02075
12.31405 1.48629
13.18814 -0.89359
10.85362 1.43134
11.37816 -1.74914
11.02219 0.75313
11.91801 1.44183
10.6276 -1.35296
10.16592 -0.27737
12.15481 -1.48301
12.20813 0.50342
11.97114 -0.00116
13.52558 0.2307
11.74904 0.87257
11.88746 1.64054
11.37612 0.30349
13.84897 0.40378
13.62105 -0.94544
13.22777 -0.43297
13.05537 -0.06957
12.79959 0.97501
13.39799 0.387
10.57529 -0.64271
10.25606 -1.57588
13.17494 1.34567
13.76609 1.22405
10.61557 -0.67309
11.31481 1.5016
10.79496 1.69374
0.09766 11.53609
-2.01933 10.37319
-2.10654 12.68618
-0.309 9.96962
-1.87764 9.76219
0.1629 12.71642
-0.46306 11.91162
0.48384 10.09969
-0.61293 13.08953
0.67116 12.72171
-2.36591 10.98874
-0.84267 13.42289
-1.09569 12.22176
-2.76776 12.45886
0.56536 10.2076
-2.01192 10.98043
0.6477 10.62712
-2.25215 10.90409
-0.38234 9.83883
0.39908 12.63319
-1.67779 13.43163
-2.77774 11.0785
-2.75866 10.86376
-0.59963 12.0601
-2.00455 11.84912
-0.44858 9.57897
-0.66912 10.66412
-1.32434 11.05941
-2.32992 13.10838
-1.16108 11.1593
-2.00455 12.40538
-1.24193 9.47147
0.00886 9.45398
-0.02424 13.41309
-1.18687 9.86333
-1.99573 11.57937
-1.50044 10.00793
-1.06189 13.39057
-0.1311 11.71248
-2.33766 10.28833
-2.74393 10.90857
0.81861 12.28264
-0.3492 11.14056
0.56349 10.48884
0.64692 9.55078
-1.51889 10.87475
-1.722 11.74164
-2.23888 10.41745
-1.35517 12.87738
0.43611 10.76736
-2.81033 11.1465
0.20743 11.64177
-1.5268 12.14075
0.20648 13.20346
-2.91816 13.2179
-2.48212 12.73349
-2.36102 9.43392
-0.06136 9.56143
0.22929 10.29251
-0.15273 12.53006
-1.56398 10.46726
-0.41358 11.02132
-1.27932 12.59569
-2.06263 13.43071
-2.60412 11.65727
-0.22842 10.55101
0.5106 9.42693
-1.01307 12.97568
-0.00294 11.72282
-0.59012 12.8942
-1.18259 9.43681
-2.23846 11.60744
10.27747 -1.10054
10.37732 1.86131
10.40694 -0.81447
11.59856 1.78087
12.86247 1.29433
10.80922 -1.30079
11.29146 1.33135
13.41901 -0.43547
13.57684 -1.09641
10.19239 -0.00671
12.17902 1.12955
10.55171 0.01955
-12.8383 3.43737
-12.13024 3.84254
-12.2514 4.41853
-11.25815 4.41945
-10.42682 2.9884
-12.09781 4.70865
-11.77433 3.93438
-10.15898 3.0746
-12.6011 2.37984
-10.21326 4.01414
-9.01578 1.87335
-9.86994 1.53331
-10.52756 1.40382
-12.53661 2.94034
-11.84572 3.463
-9.15524 4.57274
-9.35262 4.04881
-9.55395 4.71233
-12.45898 3.01998
-12.78846 2.8411
-12.5044 3.86098
-11.83938 1.40286
-9.68981 4.62004
-11.70457 1.12353
-10.80069 4.89224
-11.67362 1.37267
-12.20484 2.97151
-12.88231 2.34455
-12.42082 2.3983
-9.48227 1.04747
-10.90352 1.00843
-11.2972 1.58603
-9.56778 3.01268
-10.05834 2.93993
-10.59161 2.67701
-9.24686 4.35647
-10.71697 3.97735
-10.32075 1.74771
-9.41536 4.35695
-9.85936 1.50195
-12.66837 4.93116
-12.33551 2.71771
-10.15032 2.33741
-12.21153 1.99275
-11.18713 2.07621
-11.47178 2.75365
-9.45625 1.18735
-10.12572 1.11574
-12.37382 4.98582
-9.7925 1.19383
-10.83159 4.03824
-11.35075 3.35316
-11.01561 1.51244
-10.36705 3.15391
-12.21722 2.88143
-9.58689 1.78979
-11.11164 4.29537
-10.58779 3.89078
-10.40186 2.86423
-9.96039 4.01156
-12.80208 4.81729
-11.07598 2.88699
-9.9853 4.0144
-11.1908 4.29582
-12.74807 2.69199
-12.41502 4.09059
-11.79078 1.86869
-11.57127 4.39852
-11.88458 2.261
-12.98076 4.29516
-10.39117 1.31417
-9.8091 1.25173
-10.91213 2.91895
-10.09967 1.30422
-9.00163 1.85123
-9.56494 1.0737
-12.33311 1.16468
-10.50207 2.4975
-12.68875 4.32225
-9.39934 2.46405
-10.5718 4.07266
-10.07836 2.44158
-11.59794 3.21175
-10.5074 3.71298
-12.56441 2.97804
-9.76047 3.76395
-10.61728 3.136
-9.48993 4.67279
-12.82051 4.92742
-9.07711 2.6779
-12.06868 2.29081
-12.20911 4.96688
-9.47259 1.60008
-12.99451 3.8787
-12.85817 2.49488
-10.448 3.64179
-12.32901 4.22995
-12.02476 1.26852
-11.93002 2.92483
-9.79105 4.25884
-12.53887 2.13697
-12.62608 4.0161
-12.39597 4.20873
-10.30857 3.12662
-9.85332 4.68828
-12.37728 4.1687
-9.03019 1.28163
-9.40871 4.87715
-12.89499 4.64596
-12.21476 4.46378
-9.94347 4.49173
-9.16321 1.13622
-9.64632 3.17668
-12.23907 4.93442
-10.79665 3.27291
-10.03968 1.32824
-11.86452 1.62058
-11.99644 4.50226
-12.65378 4.04607
-12.16706 4.21601
-11.12345 4.48862
-12.19812 2.48359
-12.90315 2.51368
-9.69064 3.21598
-11.77835 1.71179
-12.11905 2.20107
-9.01024 2.96167
-10.06385 2.62455
-10.18772 3.53314
-11.7292 4.33285
-11.80853 2.30633
-12.97524 2.90178
-11.79582 3.50891
-11.67562 1.03147
-9.73572 2.97528
-11.16201 3.9772
-12.71652 4.42918
-11.09202 3.77742
-10.99324 2.49518
-12.72956 3.53463
-12.41414 1.36702
-11.38194 3.33119
-9.59057 4.45363
-11.28654 4.01409
-10.70503 2.817
-10.49184 3.94321
-11.60407 1.54529
-9.99274 1.65244
-11.98895 1.54717
-12.1648 3.55241
-11.99938 2.37714
-12.86767 4.81069
-10.10394 3.24129
-10.92639 2.38275
-9.98731 2.20129
-10.0561 3.74046
-10.03643 2.17759
-12.8756 4.34889
-12.39943 3.27524
-10.6455 1.75679
-10.90254 1.84271
-10.79764 3.31097
-9.34594 1.95962
-10.86508 2.23539
-9.70362 1.60858
-11.67288 1.99757
-9.70312 1.77028
-12.24939 1.95598
-10.78944 3.05653
-12.89242 4.16013
-11.60357 4.61131
-10.60852 2.79937
-11.96778 2.13519
-10.80814 4.13581
-11.32424 3.84956
-10.04286 1.38295
-9.90655 3.56012
-9.04262 2.70208
-12.98507 3.95011
-12.35132 1.30223
-11.88733 2.11814
-9.7287 2.44834
-12.5021 4.68721
-12.34196 4.1864
-12.28432 1.43301
-12.60176 4.96937
-12.01686 3.38608
-11.1992 1.2549
-9.52438 4.37687
-12.30021 1.07627
-12.81653 2.13016
-9.15355 1.02512
-11.71296 2.97099
-10.03401 3.8979
-9.00827 4.56942
-9.94267 4.98221
-9.61542 3.09029
-11.38247 2.50825
-10.64462 4.59717
-10.64291 1.4913
-11.38409 1.38325
-9.52671 3.62872
-10.46752 2.22417
-10.75788 2.92329
-10.69597 3.26452
-10.42825 3.63311
-11.03518 4.63074
-12.5731 1.52343
-12.90729 4.48544
-12.33731 3.5637
-12.65843 1.54224
-9.64723 3.47096
-9.15099 2.10453
-12.9953 3.94634
-11.71131 3.66402
-10.3419 4.21002
-12.89806 4.16328
-10.24585 1.05645
-12.15763 4.98615
-11.10111 4.28145
-10.72693 3.49918
-12.50844 4.24184
-10.18107 2.12363
-11.10256 1.20784
-11.12141 4.03955
-10.50891 3.13128
-11.08536 1.93912
-10.30778 3.75022
-11.62673 4.82947
-11.17421 1.31327
-9.1643 2.5502
-11.14969 1.06195
-9.35304 3.35246
-10.47462 4.82048
-10.50501 2.54347
-11.42715 1.81549
-11.58107 1.69578
-10.26245 4.40194
-12.84765 2.17997
-11.70649 1.65324
-10.32768 4.75914
-11.28283 3.27237
-10.12122 2.3259
-10.61985 2.95919
-9.28605 1.96603
-12.61422 3.13558
-9.50519 2.41746
-9.67794 1.81529
-11.97472 2.49782
-12.38258 1.73666
-10.05548 4.54425
-11.17972 2.44563
-9.14871 3.8652
-10.00459 3.70251
-11.57663 2.79659
-12.76238 4.3116
-10.64688 1.95047
-10.33473 4.39352
-11.6016 3.13293
-11.8379 4.44394
-10.42681 1.11592
-12.28783 4.8957
-11.38089 3.68892
-11.43134 3.16779
-9.88201 4.50578
-10.71174 2.75292
-9.46465 1.12932
-10.85489 3.11203
-12.71408 3.30068
-10.81688 1.31159
-9.54889 1.86
-12.91128 4.6097
-11.22109 2.31357
-12.44466 2.90365
-11.69077 4.54632
-12.04321 2.37822
-11.07413 2.95628
-9.95814 4.93923
-11.80661 1.27007
-11.04073 1.28457
-9.73082 3.01885
-10.4025 1.53945
-9.61436 4.14296
-11.29986 3.86098
-11.77057 1.73977
-11.90777 2.40439
-9.52439 4.40544
-12.22659 4.35027
-9.52009 1.23369
-10.91541 4.80242
-11.04971 1.02391
-9.26181 2.03289
-9.47475 1.56637
-11.85224 1.68788
-10.88851 2.93379
-11.58344 1.3538
-9.58969 4.50679
-9.70621 3.27335
-11.89418 4.63505
-10.87643 1.56461
-12.95775 1.77289
-10.36643 3.71038
-12.55584 2.94663
-9.47031 2.23843
-10.1103 3.95573
-10.33864 3.74937
-12.34844 1.54939
-12.49918 2.8367
-12.47671 3.1859
-9.49245 4.90965
-11.35673 2.91101
-11.3711 1.72298
-10.58141 1.762
-12.26937 4.125
-12.23685 4.72619
-9.60644 3.46633
-10.97352 1.18192
-12.4147 2.34336
-11.16239 4.86914
-9.51119 1.4725
-11.10779 4.18784
-10.91058 4.50301
-12.58953 1.60118
-10.90789 3.75501
-11.88305 3.08774
-12.9893 3.18243
-2.99345 10.10916
-1.3376 11.94131
-1.49166 12.56815
0.71625 10.65989
-2.34857 11.67365
-1.93247 11.65166
-0.02569 11.54344
-0.15144 10.89246
-0.50767 10.49157
-0.39747 9.71948
-0.96716 12.03486
-1.96898 11.90393
0.24752 12.21075
-2.0822 10.81722
-1.39578 13.07435
-0.56873 10.97226
-1.48159 11.75987
0.51385 13.43931
-0.46988 11.16843
0.27942 11.30773
-2.69738 12.23581
-2.43522 11.9265
-1.89938 13.0844
-1.13452 12.3748
-0.22531 11.96132
-0.78471 10.88303
0.20887 13.4329
-2.68616 10.5287
-2.83522 12.08732
-1.24276 10.74287
-2.29587 12.60238
0.65475 9.91956
-0.0704 11.1443
-11.51472 1.89136
-12.04881 3.31329
-12.73375 1.01838
-12.4713 1.47932
0.03396 11.86483
-2.5745 10.46588
0.32121 11.02089
-1.41119 10.35518
0.02231 9.84702
-0.23423 9.87732
-1.81581 11.88442
0.64463 12.97667
-2.05616 10.11528
-0.85832 10.29758
-2.84405 13.13418
-0.08931 11.76577
-1.2097 10.35766
-0.04024 10.88825
0.8472 10.31496
-1.31567 11.48188
-1.54392 9.67186
-2.11185 11.00113
-2.13339 11.45323
0.5642 10.69816
-2.92174 11.48273
0.04657 12.5587
0.28257 9.87889
-0.41484 11.16177
-1.01952 10.21149
0.51112 9.78219
0.8788 9.75294
-2.54522 10.1149
-1.36659 11.58134
-2.30936 9.9025
-1.61401 10.67422
-0.69248 13.22479
-1.02135 12.24343
0.34855 10.59705
-0.98776 10.58801
-0.10436 9.96379
-1.82987 9.64425
0.9088 10.7671
-2.15743 10.77973
-1.01038 12.58328
0.92139 9.84344
-1.10554 11.93437
-1.48868 10.60699
0.98382 9.41025
-2.97248 12.86902
-2.37983 11.24838
0.94539 11.16497
0.76765 9.69938
-0.16743 10.32685
-1.63534 11.62011
-1.3534 10.14648
-0.19018 10.9826
-2.98167 11.18669
-0.57124 9.74454
-2.90608 12.54414
-1.64376 12.73902
-2.42153 12.41097
-2.4509 9.40415
-1.48459 10.64083
-1.58254 13.45181
-0.01724 9.64641
-0.67948 12.55505
0.91054 13.17257
-0.22439 11.73698
-2.80914 13.4369
-0.12486 9.54187
-1.96672 10.56771
0.08016 13.34338
-2.34198 12.86979
-2.3971 12.59169
-1.08692 12.83936
0.73152 9.47366
-1.97729 12.34098
0.47058 9.53776
-0.21297 11.28787
0.26104 10.52185
0.37425 12.49441
0.13721 12.62264
-0.51451 12.60655
-0.02544 10.18848
-2.59733 10.84139
-1.94881 9.9546
-0.25483 12.31884
-0.9345 9.69542
-2.84589 11.4449
-1.10846 10.45322
-2.82439 13.23777
-2.31651 11.88126
-2.22677 11.65348
0.38197 12.37812
-0.05981 10.40109
-2.23417 10.44682
-0.47696 9.78306
-1.52713 11.8472
0.52988 10.41933
0.13679 11.02798
-0.30082 12.54894
-2.69277 10.03908
-0.45551 11.73683
0.09875 12.83129
-1.24204 11.14018
-1.23103 13.32141
-1.10759 11.97659
0.66878 9.88036
0.7178 11.49351
-0.33223 10.2829
-1.43308 10.68144
-1.87744 9.81449
-2.33426 12.85693
-2.08603 10.2947
-2.87624 11.03779
-1.93043 10.0262
-2.79298 12.51236
0.41432 10.625
0.78309 12.37027
-2.84094 12.75882
0.51804 10.47479
-0.1239 10.89364
-1.74193 9.84458
-1.26274 9.59854
-1.52227 13.06614
-1.8991 11.69894
0.64239 12.48471
0.48645 10.72022
-1.09742 11.73608
0.41816 11.66182
-2.30059 11.35476
-1.5684 12.18905
-2.37234 13.44882
-1.83315 13.46026
-1.63353 12.67153
-1.10167 10.84042
0.00229 11.69578
-1.10925 10.73797
-0.85467 13.35883
-1.84832 9.55854
-1.81853 13.04613
-0.50268 12.38102
-0.98536 11.46342
0.75266 13.38042
-1.76911 13.18667
-1.32637 10.05201
-1.83284 12.86355
-0.17293 11.41008
-0.0019 10.61215
-0.42498 12.43714
-1.99819 9.47157
0.93805 9.74415
0.2505 11.22592
-0.30776 10.87846
-2.31503 12.53427
-0.94193 9.54758
0.91966 11.1568
-0.78702 10.82767
0.15097 9.87011
-1.46523 10.95591
0.97463 9.92987
-0.40706 12.3448
-2.68392 9.61297
0.29524 13.16657
0.01279 10.69966
-1.99617 10.23982
-1.41226 13.21304
-2.90854 10.93506
0.78329 11.38681
-2.96282 12.90409
-0.09642 9.42018
-2.01569 9.78486
0.43823 10.77536
-2.62956 9.79594
-1.11022 12.08651
0.70879 13.20328
-1.42603 10.86721
-1.01318 13.1792
-1.40736 9.48059
0.50552 11.24299
0.95292 11.9941
0.9586 10.1395
-0.51001 12.21237
-2.35613 10.32814
-0.99698 11.59666
-0.53387 11.15181
0.2842 9.88307
-0.55496 11.4389
0.02574 11.68297
-1.84388 10.03433
-1.59612 13.35883
-1.63046 9.88719
-0.4476 12.50235
-1.22475 10.29335
-1.6504 13.19614
-2.97441 9.85388
-2.83649 10.98887
-0.02984 10.45412
-1.00647 11.40332
0.37999 9.53102
-0.57324 12.61468
-1.61784 13.05887
-1.48343 11.99102
-0.53198 11.8212
-2.20797 10.75306
-2.63961 11.34448
-1.92449 9.9853
0.84572 9.74952
-1.7405 13.127
-1.20838 10.29696
-0.18581 10.34523
-2.08244 10.00671
-1.39351 10.97992
-0.59357 11.50252
-1.00416 10.77949
-1.97989 11.51517
0.69579 12.3278
0.59821 10.45781
0.20519 11.40627
-2.32237 11.72556
-0.52414 12.13067
0.78065 10.11008
-1.09944 12.67309
0.91532 9.53873
0.3943 11.08847
-1.91937 10.18273
-0.06283 13.27594
-1.71705 11.63009
-1.67664 11.37705
6.63605 5.30211
-1.01223 -5.87037
-14.2152 9.31066
5.69255 3.66458
6.39005 5.57004