-5.658154764887 6.133883879896
-7.277766093004 7.709589877177
-6.276237485816 6.575050273493
-6.248925709177 6.485324631873
-8.018179518751 5.514118056160
-7.752556479627 5.995956914856
-6.921579214964 5.016620305013
-7.657976482021 4.200529948195
-6.447045359897 7.581893031779
-6.887250083751 4.338676958669
-7.974246896618 6.442132312931
-7.877829087578 4.753636764055
-7.080972626688 4.635421846814
-6.196583170131 5.113029760441
-7.795944496416 5.736966986418
-5.520693625254 5.648421752537
-7.177565696299 6.052375698434
-7.812672422991 6.505743964150
-5.829328582703 4.668834728530
-8.059410519604 6.338520786296
-7.300920145962 6.321583658997
-6.794939266581 5.116605349359
-4.773061261656 5.892489804174
-6.647029706182 4.903314684905
-7.946025972040 7.113190393011
-5.618043812204 6.549728483261
-7.967411440541 5.215340448702
-8.201455336139 5.316755667615
-7.336546680595 5.530796753570
-5.354949324157 6.261099669924
-7.545970675018 4.400403248069
-5.301169888083 7.197881913227
-7.580996682400 5.511927977103
-8.086010929658 4.418139044152
-5.528288809236 4.587441524093
-7.276686949702 5.506250521746
-6.153809338940 4.458101256586
-5.162454896661 5.031172466419
-5.767533571696 5.396190875639
-5.307680984437 4.424777906769
-8.210177723952 6.403421643149
-5.849114310749 5.082096073271
-6.627173509076 7.337219500672
-7.885241478791 7.178933192661
-8.499707459363 4.978340429974
-6.949626222252 4.053649349128
-7.243362400128 5.282385691455
-5.228890203343 4.770139776656
-7.804539897933 7.379665443621
-6.259260923175 6.925249526579
-7.426822641285 6.209813550489
-6.847658965623 7.097287680660
-7.086895497139 5.869699657372
-7.969025277642 4.994131706717
-8.336959418266 5.862525379117
-8.412446515695 5.884280317152
-6.329861953432 6.982522294844
-8.084477775660 5.206947120867
-6.735647682759 4.184228909024
-5.312195576304 5.010762838012
-5.376563196035 4.942341837304
-5.803254059082 7.428710903910
-7.437326904974 7.311842948528
-6.686431914920 5.111088129954
-6.000140618347 4.151172358386
-6.273931556059 4.559653379273
-6.180149126485 6.826701181457
-6.049746737819 4.702714628244
-6.994436099188 6.937880395292
-5.281852628596 6.541778861759
-8.177922562600 4.587642314244
-5.786240264007 4.072988862047
-8.353370037272 4.698975763066
-8.269863216792 4.898654589711
-5.217209100207 7.083215911497
-5.423084211991 7.169027908374
-7.286220305321 4.488877753353
-6.724374710355 5.627447856218
-8.184479679492 6.694652180698
-8.242886932154 5.515992955451
-7.296842791906 7.674419435579
-6.478793240525 7.682734441101
-7.139779990419 6.106107199938
-4.816831751834 5.777857168632
-6.209040924237 5.511923854126
-6.591645219379 5.846165104276
-4.864611969697 5.711163229003
-5.739136107400 4.240900648833
-7.292653196987 6.241961602614
-7.852790982873 5.145424266319
-7.184850162475 7.470815454496
-7.000447813436 7.483373435741
-7.621068018675 6.767751989116
-5.470462107852 4.723127625637
-6.375333956046 4.215136021467
-6.942032702636 4.802959312872
-7.210466378760 4.120951919812
-7.667668671021 4.377589673228
-6.688117393619 7.028989951226
-6.842316113307 5.618986167331
-6.012918576134 5.526814197557
-6.883801606728 6.093494460983
-7.829495096835 7.301188826891
-5.742070246892 4.656818626981
-5.197216764899 5.864384263730
-7.046068946329 6.554388496271
-7.154021254551 7.487111553545
-5.854611611364 7.541820332971
-5.352066507472 6.765539601865
-5.418183499975 5.824077370307
-5.896733722000 5.012785203372
-6.234971241501 4.229760357527
-7.118614447607 5.201056853439
-7.273205713098 7.693954619159
-6.249280087582 7.646807347232
-7.311210746727 6.232873592194
-8.250941426987 6.581032862542
-4.802048425671 5.198909425323
-5.748269391571 6.870095064757
-7.664057846771 5.987148477093
-6.440628672410 7.110800933737
-5.372482566004 5.808212932245
-6.897639276982 6.372309983753
-8.152453908135 4.836052089311
-7.188122941139 4.252953687916
-6.171434108465 4.317832831046
-7.107435460685 6.307130608872
-7.455926938719 7.273412964844
-5.420152644677 7.155750169741
-6.199105318549 7.260015733803
-7.740799211121 7.023212575216
-5.607243551937 5.538385646309
-7.566912535660 7.400983297982
-7.134749026113 3.957683044218
-5.192536083054 6.503982747088
-7.859920711184 7.392803228784
-6.119380210355 4.530064616450
-5.221605903988 5.285136232735
-6.407083528415 4.729774837690
-6.468657895985 5.646687742647
-6.159417494429 7.070541499598
-8.206892561028 5.761101079418
-7.942224628029 6.985280611180
-7.360899912494 6.327064064639
-6.781299075194 5.730469134920
-7.785719104301 4.809280671247
-7.752058828008 5.289083131575
-5.680695088419 7.063250685836
-7.490712828237 7.487304111759
-7.451587167544 5.403662381122
-7.775938472447 5.553681466785
-7.838426067254 6.456126145025
-5.520020465130 6.545203232961
-5.572147552471 7.111109257140
-6.560613893114 5.273966264009
-7.683535653904 4.345098311690
-7.961331906208 4.674689378433
-6.931552377064 4.985001207542
-7.006151989745 5.281705095331
-5.967298134400 4.152573286756
-5.610792429436 4.465950532238
-5.726715376853 5.284431153218
-5.645100724895 5.152446638193
-6.807716221553 3.879712990782
-5.256687069861 5.638465989971
-7.547898490683 4.239231585889
-6.451658080584 6.198798739877
-5.190882263719 6.361920831872
-7.592734051854 4.853644028496
-7.365380139026 6.645653359881
-7.758636394956 7.424387662293
-8.040826270032 4.366396974067
-5.186808926677 6.240317120568
-7.001273162036 5.658401561594
-6.458203008175 5.647504083483
-7.114349125442 7.444920884071
-6.236554909290 5.117491474590
-8.650555343519 5.518866589857
-7.020110186496 5.282159244125
-8.152405975367 4.582235086135
-6.238084826632 5.453921931042
-7.258898744713 6.319111387409
-5.820838877420 6.293509719219
-7.852121314486 5.723273113482
-6.371635522709 4.712373792055
-7.826686301155 5.203263190274
-5.451267796266 5.731114880290
-7.964622769156 6.726542145108
-5.776367009952 4.062452115992
-6.957797148725 5.006539908542
-6.880310931379 6.735174256671
-7.506816192531 4.505009581740
-8.286843330706 4.696402350198
-6.268770686620 5.105066591479
-6.213637581085 4.242552066124
-8.532480608042 6.061062998625
-5.011497398421 4.868268025067
-7.282615574181 6.941130259689
-5.836210470846 7.279080075112
-8.109887792752 6.804756005408
-7.609102707814 6.196953891535
-6.177998907485 5.575327174343
-7.300838298847 4.876690737566
-7.044255647104 4.693016330300
-7.653089660858 4.877591382967
-5.096451452914 5.868236935022
-5.348561825071 5.849506135745
-6.644835162723 4.484746323316
-7.221912478677 6.861379763933
-5.619464483844 4.173457383581
-4.913843157644 6.170268584271
-8.083236462854 4.933419774536
-7.931195585321 5.323356012620
-8.426233199996 5.190500927084
-6.560315407844 4.391162499972
-6.714890207685 4.033580053282
-5.139916301882 6.753453553064
-7.531046341034 6.756942516377
-5.607940587263 4.285625323363
-6.539101786990 5.539134516441
-8.396433091792 5.195479803431
-8.399302203224 5.706773596541
-6.710760508102 4.874376169489
-5.096163130485 6.227716007455
-7.749378696479 5.449002662943
-7.073746508677 4.038518377437
-6.815193971340 3.991949723566
-6.791009135285 4.167184525719
-7.888728029832 6.593552830305
-6.283003418868 6.120971062035
-5.663704609641 4.153581275723
-6.780858396786 7.460645221635
-8.177534048241 6.518177920779
-5.010026860893 5.466592400655
-7.992920871816 5.914510103331
-5.800270572494 4.619376761054
-6.751348953257 5.266653717229
-7.376764928563 5.060831590007
-7.963142076767 4.418816057855
-8.273284530586 5.125650979698
-7.007534914074 6.347755195223
-6.619185742938 6.915563406427
-7.497731263141 6.052674667306
-6.556404150860 6.880082611882
-6.725682575271 7.500529710337
-6.983029495792 5.587375530438
-6.673608535617 5.126214773617
-7.136389705347 6.834928110174
-8.179826436441 4.703886873904
-7.383779073348 7.149481766579
-7.105242248554 6.246637190374
-7.082599141071 6.855102013604
-6.448171875367 5.442607927554
-6.040823372665 6.903853426843
-6.309718675397 6.811518816518
-5.552138937269 4.580278694664
-7.457465068461 5.695476430720
-6.051449117243 7.108301577260
-5.724610661047 7.375460026283
-6.599105561295 6.477237035190
-7.838465779626 4.184451146184
-7.144754194502 6.565397646619
-5.655127803176 4.719092094308
-7.464926730708 4.909120944117
-5.984558347432 5.764990411587
-6.387370254181 7.477214316224
-7.336114996529 6.561272308498
-7.234358639032 7.596413142924
-5.199007592964 5.900396500318
-7.833462755431 6.591562448407
-7.930676694376 5.452900846660
-7.649948195972 7.448522177434
-8.132415671038 6.681499200567
-6.718572489027 7.347763845877
-6.464820633605 5.242687271995
-7.774647788557 7.273114906727
-7.142204125182 4.667863671258
-5.688700262408 6.662944220802
-5.508707467110 4.386326083729
-7.974145279445 6.509860536219
-8.219433757490 4.969119259262
-4.852413940157 6.095719056418
-8.106130353502 4.838183978920
-7.943504414631 6.809177503583
-5.203676959898 4.663901760392
-7.712757528833 6.208936739901
-8.690934282497 5.957438828088
-6.446216653107 4.847766204087
-6.386033123148 5.327668471775
-6.152637471924 6.993199524649
-6.115471284168 6.498157810806
-6.752685748879 6.414656463356
-6.453661269614 7.505209186475
-6.902028264096 4.953269156355
-5.557366516986 4.900787875017
-5.509194181935 5.200276869354
-8.631607745533 5.722698200782
-6.537340418672 6.442357334293
-4.895179241148 5.828322766925
-6.009561147916 6.991256763917
-5.934872717177 5.935141886167
-6.662953850357 6.949118329376
-7.628814753671 6.394021392238
-8.176700040682 6.029810051259
-6.851327716017 4.578449496585
-5.003415048961 5.596489099346
-6.983709200935 4.096466664086
-7.857227443116 6.693251172544
-7.520529014210 5.220067051994
-6.851903940954 3.887034978212
-5.854212556464 5.651867490903
-6.238744580293 5.809992749816
-6.928314127771 4.410760656063
-6.173828969900 5.607099566904
-5.983897226690 6.145065914474
-7.868052776008 5.974991302391
-6.535332831710 7.435033387864
-7.988562948294 5.912668307283
-5.775616239589 6.868844645191
-7.398102014022 6.303930321816
-4.996483814668 5.568964703609
-7.277658274009 5.538232388909
-7.053020283192 6.981893380890
-8.055843191856 6.855711364221
-6.277921844862 4.759627871298
-7.659407852444 7.296723846753
-6.585251131284 4.366040831011
-4.952584788769 6.110374009976
-4.977808378219 5.963750239869
-6.853428219270 5.932298099998
-5.973298772005 7.123216068360
-5.307270256338 6.335408900767
-7.198102001459 6.015938975606
-6.304961613796 5.768349175902
-6.543885153244 5.366017698187
-5.969938282896 5.160014794766
-5.524189138070 6.111678899768
-7.538435322381 4.786108401550
-5.690650272795 5.789223159025
-5.931994384207 6.937404771788
-5.521039418406 5.758475676974
-6.993713691346 3.882675640777
-7.921503987952 6.060387447876
-5.449531340793 6.375839578388
-6.658763992064 4.090177438580
-6.226836630709 5.424041431762
-5.202579156195 6.956700076002
-6.652135403801 6.480135118635
-7.245968053637 5.402782796061
-5.861058253825 4.753344502050
-8.179377738407 5.700164175746
-6.070402023234 7.056468918942
-8.528429814725 5.253866011976
-7.621566064212 5.484484323662
-5.517092369764 4.514577292576
-7.443892009390 5.231569277363
-6.506405245913 7.741291436769
-5.827639433374 5.589204975485
-8.613912940501 5.789386403363
-6.053536573084 6.672392072320
-6.091397281744 4.016192239914
-5.427614062864 5.846707749675
-6.454034610767 5.385005127489
-5.887795531383 7.547772658656
-6.505818086839 7.535658528672
-4.885482952026 4.997209612249
-6.122892749150 6.001243986912
-5.474164092701 5.902725435956
-7.258278457532 4.721834373154
-7.184280591471 7.076013880037
-7.840879993640 6.742984092741
-8.494398744007 5.816444769415
-6.381260293840 7.692610347153
-6.894387051773 7.091760471364
-8.404437795357 6.033415032326
-6.312658642399 4.598806774818
-7.102209549033 7.549805560701
-7.058681460845 6.824881773509
-6.207374731903 7.220451462456
-6.250141994429 7.718431307280
-5.216875145429 5.523327492072
-5.255035984333 5.854566550607
-6.471408420050 6.325583607282
-8.128620648684 6.811025399897
-5.743375747982 7.541151145048
-6.991398779169 6.826928853231
-8.170960697259 4.493299818736
-6.993556910996 7.308567734347
-6.620879711797 6.983294626630
-8.081885795084 7.037308053675
-4.899191946294 5.296411650339
-6.363333276434 4.233533525439
-6.711021712360 5.949601982146
-8.559323664985 5.438583996958
-7.849322845455 4.467589048794
-6.179482132709 6.588037038538
-6.671391584401 6.851838137008
-7.172437871456 7.365036441026
-8.645926786028 5.824562382539
-4.952931227677 5.459809305603
-8.270351884860 6.446173404276
-6.710001659879 5.717305934551
-7.364376172150 6.146474627157
-7.803320776227 6.632859162069
-7.749767090456 5.786019831447
-5.887564338954 7.548451483174
-6.309350510223 5.407923758620
-6.446400500981 7.640713921914
-7.999375815119 6.606662289695
-8.185984346413 4.593069072416
-7.724272693987 4.402199187564
-6.436218197703 4.714478811232
-6.841683790742 5.930629639915
-6.364001747605 6.856997512611
-5.903068906299 4.023665049563
-7.901918629999 7.010516894622
-4.826516013056 5.387836188954
-6.082952493456 4.228419949145
-5.035526702237 5.828777099665
-6.818938517903 5.153167276484
-6.168926954603 7.321440193899
-6.108941199765 4.979877997101
-5.996482749930 6.418821813590
-7.826495518989 7.439433152783
-5.519332197435 6.670314324511
-6.225198272018 7.149837698285
-6.137372936374 6.748173856164
-7.333677025326 4.395029395732
-6.815613006368 5.135876407581
-6.647782051195 7.388707469145
-6.397401813195 4.020633221473
-6.320773044700 5.617554823517
-7.852622100302 6.740078608043
-6.026975820524 5.836681593035
-5.746234194829 5.286772442552
-6.992694422956 7.289069650111
-8.322425436925 6.340766137149
-6.486400347282 6.738225548931
-6.988928640237 7.179187649083
-6.977577781340 3.984476077411
-8.592665434216 5.957094652902
-7.390318235707 5.018276806755
-6.452555425112 7.077614250417
-7.601948462925 6.052791614351
-5.860096801092 6.301217844940
-7.370864780664 6.385888076284
-6.985514727457 4.789622442362
-7.503408349093 5.373532770377
-6.325164648322 5.544320786941
-6.721206260064 4.259507382159
-2.153114957586 -3.471340905013
-3.093153015667 -1.332375842786
-1.722799864844 -0.441791331811
-0.799514311218 -2.223401346497
-1.131894728451 -2.184370775364
-2.697166407146 -1.177423389047
-2.638713124974 -1.686705880282
-0.902996964444 -2.540251540560
-1.539413168387 -2.262907078336
-0.532634407212 -1.234472415967
-1.762552401065 -1.176312534449
-3.016040782579 -0.588201227130
-2.962073124250 -3.790844793793
-1.741062420260 -2.210862157262
-2.803415974919 -1.668017674648
-0.648130991379 -3.202957335062
-2.966115242382 -2.422858959276
-2.533731782382 -1.373752059917
-0.641007407497 -1.264081775368
-1.421052145264 -2.675902116513
-1.374862647882 -2.277308560507
-2.588088687268 -0.994093150177
-3.125250956638 -2.621568198197
-2.966341314744 -0.636081258321
-3.041151729638 -2.035539356347
-1.605400376961 -2.674526357248
-2.738017707540 -3.742114501151
-3.015376269348 -1.036613447682
-3.002112862697 -1.345226016196
-1.481915947811 -1.016408592345
-3.367775472299 -3.518567292884
-1.292210043213 -1.081135179135
-3.005415491325 -3.146306788507
-3.836273123307 -2.383416265474
-2.928659528189 -2.773735595009
-1.740066717298 -0.810266862443
-2.447025240724 -4.090136630564
-2.534839688682 -1.147021629661
-1.550355462446 -1.437341765766
-3.181901004793 -1.475942241552
-3.793493207887 -3.046244618952
-2.209547939859 -1.201877354633
-2.932864834224 -0.521157550818
-3.302891962781 -2.791150685024
-2.759470389437 -1.780536789980
-0.744228495485 -3.297538156269
-3.910784767018 -1.529174583680
-2.606919931777 -3.801248904618
-2.846646513949 -1.038776224601
-1.857294215641 -3.333546719181
-1.978340580490 -3.515259728491
-1.137899123568 -1.926914688314
-3.907055239517 -1.883451541175
-1.663588596579 -2.302684979365
-2.343725195033 -0.849582849344
-3.012350586372 -2.370287213852
-3.694417647395 -2.404782130505
-2.960606275671 -2.554801406212
-3.614183600891 -2.252459787162
-0.266743955621 -2.642100054706
-1.391317732944 -2.407631533935
-2.727085823809 -3.897171214791
-0.685206355428 -1.769446270664
-2.029491466504 -2.361451177766
-0.907779517290 -3.435136320484
-1.389148626139 -2.580887037086
-0.143200705985 -2.043340133371
-1.449130168094 -0.885913215567
-3.414931500453 -3.252820338209
-2.465027298978 -1.673571791857
-3.243504482051 -1.956384339634
-2.310982804145 -4.070491975855
-2.420333043978 -0.426918679284
-3.210403333011 -3.499001574996
-1.403031064590 -3.616861510985
-0.964655123441 -3.306067613290
-3.145058446588 -1.014241205336
-2.423278633220 -2.100045179003
-0.811439514902 -3.633366803906
-1.193266955292 -3.300909369194
-2.135864890259 -1.080818832536
-0.801250733270 -3.005799909356
-0.710010236151 -3.619827864464
-2.817707423088 -2.896451307288
-3.428893347634 -1.665835204408
-2.152897970551 -2.645518091721
-3.551459027662 -3.586706490740
-2.449448042238 -0.392968843782
-0.467184523643 -2.195244546117
-3.385507989343 -2.463601151696
-3.367931061986 -2.774657822677
-0.982682628883 -2.079545229784
-0.951731536594 -2.817805421317
-0.230313894208 -2.861258469500
-0.510924622137 -2.667008534903
-2.770917750021 -1.350027190211
-3.372187992482 -1.197756032298
-0.961528688060 -0.693122180622
-2.334068768565 -3.024493312358
-3.550255066822 -0.913511993867
-1.933347530217 -0.582008020512
-2.020149115015 -2.455384167901
-2.851423032526 -0.425255368316
-3.844558159594 -1.648117864826
-1.682725933697 -3.781879022748
-1.020613390082 -1.395487600758
-0.717422369975 -2.782945565471
-0.647314989388 -1.406395617272
-1.102292952580 -2.044926320232
-1.655420056626 -3.184428895732
-2.725449080104 -1.010317704625
-2.900213593279 -1.690975779742
-1.436739105892 -3.022781090393
-2.362049473541 -1.406270364205
-3.779083869953 -2.357655607508
-1.845921524216 -3.775625484114
-2.276841478033 -1.517743087038
-0.284761459745 -1.771164190342
-2.146679914183 -0.422067401458
-2.456081227444 -1.784391079501
-1.286348294687 -3.959959814554
-3.051878254752 -3.790081920832
-3.298760556011 -2.477267964207
-1.293785950290 -2.677859582944
-1.223999435120 -2.537580629221
-0.716515153826 -2.838035407544
-1.863813839948 -4.043623739217
-2.587809906708 -2.696134361440
-1.821922638468 -2.081053292526
-2.841325414692 -3.026416687375
-0.795832410077 -2.073684197171
-2.754430568285 -1.341766150842
-2.689347070695 -1.168399207400
-3.359557430377 -2.361306662010
-2.140231219562 -3.850503484564
-2.801102843718 -3.201433908206
-2.473931076932 -3.276610012920
-2.363574310325 -2.279848539580
-3.271452112046 -1.456014928409
-2.318799209633 -3.436138714119
-2.850112833046 -0.724269949964
-2.213382337595 -2.038855882459
-0.610018152715 -2.364996914739
-1.392046012881 -1.430184513671
-1.222262814164 -1.948684222964
-3.913883493596 -2.532410844530
-1.091040063613 -2.651016386464
-1.153834413834 -1.255974002621
-2.892156798434 -3.588718872033
-1.465600100228 -3.220516664359
-1.264524306215 -2.541573794532
-1.912705491945 -2.741218682709
-1.981562564605 -0.929077207479
-2.056180238228 -2.537342050871
-0.465222783108 -1.171743487612
-2.371343261086 -1.656915575877
-0.642202099288 -2.216215707421
-3.272611061631 -2.641091795877
-2.044354712835 -2.142769092179
-2.545932887880 -1.798042736205
-1.310845442142 -4.064519195409
-3.289407630752 -2.911030347883
-1.967114250059 -1.057529299007
-1.830829740104 -1.439049470423
-2.871904313368 -0.447733385385
-1.191646009928 -2.994403367728
-1.676840993131 -0.715540435143
-3.264170906543 -1.705056415356
-1.107712350340 -0.996966507167
-1.444017012135 -1.320381113923
-1.663787036502 -2.306882526705
-2.239991402062 -2.178578282102
-3.849287772370 -1.363905316645
-2.052373675252 -3.326052025535
-3.280797702314 -1.879148180529
-2.730901135414 -1.658334702002
-3.736536558974 -2.619366401840
-2.793988044958 -0.774360045927
-0.438845846070 -1.745253696148
-1.702802668130 -3.565779294127
-1.423799239697 -1.263127004099
-0.846101131009 -2.958174188981
-2.477987570872 -0.940439753727
-2.850332075490 -3.727883562264
-1.831785429000 -3.026081400299
-0.687051638243 -1.792760535730
-0.979306595659 -2.624976735311
-2.326782193051 -2.150449357563
-3.964603447209 -1.619133459938
-3.098428753115 -2.786309276207
-2.860448126983 -3.800930110299
-3.161793572102 -1.121629783100
-2.564904972195 -3.975623116570
-1.522975221265 -1.546206450261
-2.182107717402 -2.876234085208
-2.954562298701 -3.614904326573
-1.403612294340 -2.914924597227
-2.579853228359 -1.908238588646
-1.481160012317 -3.630199499977
-1.981666486466 -1.010101276423
-3.745568539313 -1.571626895977
-1.826395214839 -1.605085538868
-1.671757755241 -1.067689118275
-3.509249883178 -3.438751416238
-0.799142173679 -1.753671520155
-2.708266043702 -1.787043164964
-0.604807421667 -1.237909252971
-3.805936608895 -2.557521711111
-1.974541136649 -2.467333232818
-1.388654527947 -0.942755327502
-2.027687625884 -3.543328682554
-2.627525553009 -4.068607382178
-2.284936192351 -2.079437714923
-1.501246375229 -1.038951132086
-0.717450898453 -0.979169482415
-3.002947416634 -0.966571209235
-3.083537068741 -1.577115170993
-2.773239730712 -3.918466916164
-0.547060742014 -2.225143796540
-1.908269972409 -0.884115834586
-2.233760036470 -2.796706408465
-1.130161046994 -2.932428486580
-3.520028120130 -3.597268927987
-1.234859955337 -3.017961270073
-3.449053962150 -2.692112288695
-1.010436184690 -1.064603730308
-0.361511678830 -2.004702287730
-0.459694184292 -1.290618066653
-3.335001705662 -1.773026534173
-2.061435500520 -0.572468240800
-2.986561430827 -1.070438650289
-3.264114303137 -0.790017605630
-1.511984789181 -1.919996315013
-1.837945155252 -1.389844307457
-1.384573154153 -4.033989276435
-1.464029835675 -1.122482790510
-1.302137949467 -1.808315344190
-1.570058853595 -3.572812464855
-1.795170488523 -2.758994714560
-3.432232373535 -0.880915888209
-3.869604297838 -3.171614220174
-3.594642478865 -2.021734552037
-2.762566322449 -3.345560917185
-3.886019432328 -2.682357458065
-2.565513245843 -1.705209978234
-2.187179107789 -0.857480576846
-1.453872505490 -2.734132221801
-1.314736746944 -1.860656995923
-2.604434223580 -0.648209199529
-3.484803246488 -3.526732951234
-1.737667963568 -1.190050982891
-1.978610109118 -0.561418142018
-2.618937773325 -3.990926935117
-0.972829188542 -1.003043319542
-0.818266242684 -3.752536357288
-0.782028936988 -0.968762845704
-2.948912315032 -1.845742055189
-1.824979657590 -3.015463115712
-2.344850808048 -1.573978849081
-3.697411405854 -1.399174390016
-1.024794049267 -0.921411076749
-1.251493013328 -3.789480248005
-2.456798879966 -1.153169181591
-3.100051716742 -2.275056415026
-3.006434345790 -2.660763867829
-2.287052743599 -0.988172691453
-3.453497540902 -1.932012773142
-3.694416850978 -3.018218737831
-3.072902513350 -3.034556247418
-2.986409456207 -1.951715582502
-0.692767875450 -3.306605813490
-1.765296846194 -2.619530084514
-3.589088532108 -1.499341427299
-2.371678785677 -3.295963158616
-2.578030482370 -1.143395068128
-1.527750612748 -2.317024648568
-3.631241375159 -2.839529993530
-2.664185431680 -0.339030669236
-3.790037836406 -3.234139094267
-3.574392370036 -2.982778043142
-2.575888424519 -3.234104161135
-3.802290937755 -2.083583335641
-1.199388390979 -3.052915954262
-2.314643200158 -3.834094429769
-2.382740359809 -0.521999880075
-0.446835954757 -2.760238082633
-3.068870111834 -1.776529872831
-3.385641617424 -2.951399263137
-1.617909974713 -2.947125907653
-3.405823164933 -3.423248443271
-1.801138480207 -2.816118603750
-1.783460685519 -0.536862336557
-1.619607832680 -2.578268612960
-1.197725880319 -1.148785436646
-3.221319265540 -0.874720620797
-2.927893078574 -3.276815930990
-1.687051077700 -0.420421412535
-2.015662405067 -1.936697531601
-1.115454707943 -2.263158875592
-0.685530314996 -1.930382203061
-1.423674316995 -2.753887848401
-1.238762207897 -3.298403457391
-2.486214244770 -2.410683998299
-2.291056471679 -2.093334810461
-0.351445603511 -2.566070961301
-0.930162279959 -1.506740254860
-1.173052617134 -3.772794848585
-1.856243469031 -3.570981778583
-1.967383572821 -3.079087554771
-2.519973129632 -0.999637645587
-1.278330473263 -3.120989845064
-3.269502703762 -3.056372378029
-1.678291438383 -3.121564664997
-3.987892839518 -2.184148616138
-2.000234433552 -3.524078783175
-3.058046132599 -3.708258885874
-1.176697880183 -1.770943433896
-2.104846477372 -0.956838236072
-1.175408875125 -2.951086222915
-2.512384819491 -3.238975685723
-2.337357493256 -2.474237809622
-2.158492625604 -2.948769250917
-2.475210455379 -2.618593970337
-1.866496816742 -3.389444962363
-3.184658938238 -1.628167340687
-1.703633529076 -2.296716025312
-1.829165690377 -0.443028715887
-1.827630894883 -3.483053205124
-1.120936867063 -0.860811852009
-3.531513408271 -1.779808567753
-2.396683475875 -3.545589736009
-1.104302724533 -1.738089377184
-1.009721350076 -1.621727875442
-2.915106096347 -3.947891869343
-1.093242924992 -3.440454472870
-3.142133305945 -1.807624510526
-1.917716929000 -1.662282900707
-3.848430003829 -1.508088787684
-2.416272562008 -3.762448691713
-0.718730396709 -2.686109361762
-2.514796448559 -4.121840970229
-0.440287622740 -2.465075017528
-1.851270162006 -3.980093120560
-0.268868212114 -1.710486483924
-2.411432113743 -3.619062546633
-2.771230380560 -0.665953827788
-2.750249780410 -0.899888774084
-1.587484265507 -0.722990953678
-1.848778169166 -1.923632756286
-1.347425111364 -3.455016426688
-2.939637414876 -3.405937248274
-2.722021960382 -2.909260109983
-2.073829063503 -0.298377636595
-1.761703661737 -3.019947773785
-3.649713913326 -2.508835853644
-0.795290730772 -1.978181427750
-2.931175696086 -1.568605738428
-0.721358933723 -2.529800535833
-3.130849762905 -3.783774662936
-3.394847848570 -2.700394758485
-3.670888740422 -2.954342011740
-0.826699143344 -2.412496877378
-1.825538598237 -1.431298614801
-1.684925832343 -0.969052175306
-1.442522305175 -2.407328656370
-1.085300636136 -1.514757246952
-3.460995564320 -1.077632507074
-3.326826306659 -3.068976513129
-2.823745649721 -2.873932663357
-2.656149292014 -3.504240152239
-1.796980571735 -0.600181978197
-1.157379758036 -2.330258387877
-2.483792565326 -2.253700824828
-1.348561662282 -4.011718769837
-3.131544481220 -1.474671362797
-3.846518922134 -2.511088674753
-0.480909126784 -2.602704580887
-2.922029630650 -0.647521244748
-2.183688138500 -2.019649230323
-1.325674272279 -3.684807742382
-0.710309429719 -3.556069524311
-1.273510050666 -0.507693536758
-2.364772535468 -3.407831155151
-1.615979548184 -3.136589482820
-2.614590029464 -0.706800393474
-1.262343397217 -2.349573526032
-2.645274900927 -1.749344730827
-0.825954828014 -1.081286650815
-3.220766751725 -3.213016062484
-3.855182709454 -2.008834073758
-0.798867208458 -2.320877736754
-2.780314952271 -1.088395660073
-3.313631683929 -0.756783372285
-3.839731887026 -2.641982022818
-1.523264125060 -2.732092437026
-2.516182482967 -1.024028755237
-1.363328916000 -2.662272425330
-0.829737813570 -1.364158470607
-2.761864765661 -3.095102069578
-3.945701247753 -1.750665228901
-1.335658382096 -4.082375630040
-4.080957319040 -2.392307780745
-3.222970111392 -1.315098288273
-1.723878317394 -3.910382819002
-3.343370259543 -2.622292676554
-1.033149497505 -2.669222004951
-3.216175844640 -2.807372891279
-1.387579342226 -3.171042206734
-3.145144040931 -3.359655055068
-1.009657584504 -1.135941504013
-0.845181184997 -2.275194194759
-1.578243626931 -2.987151158821
-0.919244776013 -2.529678528184
-1.579165824118 -0.855617444747
-2.241558805264 -0.550230926047
-0.594998443460 -2.282783592622
-2.284588626091 -0.413224279660
-3.215697709596 -2.071132558710
-3.344194254803 -1.756451691194
-1.095967549238 -2.240061796434
-3.052077851144 -3.371128311678
-3.694759899857 -3.166502629714
-1.681553010018 -1.886109013733
-4.034791257250 -1.788855205536
-3.330565923381 -1.225526031987
-1.321073845551 -1.347146440304
-3.419642267487 -3.347388461773
-2.214352006231 -0.731701751605
-1.615644972561 -2.103920525853
-0.233950383658 -2.817395909276
-2.035708558847 -1.254133075724
-1.665914899184 -1.161109275902
-3.952455200150 -2.538835737463
-1.729434543317 -2.765237396308
-3.766152962164 -3.354620416853
-2.780889273250 -2.517856905336
-3.215537581396 -1.363642897325
-3.465542522299 -1.753944575918
-3.485189464065 -1.332009420713
-1.596893148136 -3.295263951830
-1.649139977303 -1.403666694430
-2.508657364886 -0.908937242973
-2.286053337529 -4.027522227802
-3.804888310254 -2.558784767156
-4.016941464931 -1.664534520587
-0.811419872015 -3.243415595269
-3.071854081826 -1.320887379570
-0.209480439448 -1.760101020757
-1.221777375156 -3.525274433034
-0.291008144132 -2.422758308160
-3.228189659299 -1.517756339549
-2.243108308431 -3.083097119846
-2.670098444191 -1.015641211830
-1.386546500065 -2.472312816885
-3.585332844260 -2.414527170835
-2.559515876688 -1.812668557528
-3.776354562185 -1.342878129228
-1.711145413939 -2.346832551991
-3.155717181087 -1.555675973704
-3.476015685685 -2.835478960153
-1.379923846007 -1.198943999166
-1.579785333554 -0.818139629354
-1.461209731305 -3.212605933435
-3.199123236853 -0.616154769770
-3.171738583116 -3.216586333648
-1.882661828890 -1.092594043291
-1.742589595994 -4.074787234129
-1.514590957108 -3.060997367074
-2.418093403874 -1.658590041122
-0.435055641211 -1.863716207376
-2.820425443138 -2.403852161860
-1.912487326523 -2.995472230473
-3.593137188828 -1.010908092511
-1.243710669134 -1.677589566820
-0.881941244952 -3.310095760918
-0.978945748779 -2.115895555874
-2.355002011709 -1.335742033396
-3.580954009754 -1.501580017506
-1.961187500120 -1.014785101977
-2.409965837470 -2.013146730297
-2.008139999046 -0.945885499108
-1.763570324060 -4.002992303015
-2.313407335794 -0.829551797922
-1.164334769638 -3.756195767162
-0.652222624854 -1.364563321209
-3.672694593602 -2.615707264706
-1.347099294109 -0.865545698370
-2.102308676728 -4.065263343027
-1.293897405685 -1.493842209449
-2.243050706417 -0.966294471111
-1.705656281628 -3.540106805814
-2.847028627973 -2.979990734501
-0.846385339581 -1.942683110648
-2.956631977165 -1.683852820463
-3.149712815284 -1.389507561798
-2.116308403074 -0.430242602804
-1.235951299496 -1.224807735669
-1.069534793927 -3.199039336513
-3.594219388617 -2.973710600799
-2.199849621500 -3.569860976817
-0.749191200492 -1.217282250593
-2.355131248840 -1.093491850228
-1.507154716280 -1.027866979511
-3.385987232067 -3.140052067511
-0.451444702778 -1.693091757314
-1.684340522289 -3.923582433296
-3.693868298019 -2.435835384450
-1.440925429898 -0.654000671445
-2.638330838890 -0.726815831333
-1.632432708307 -2.137652561496
-2.528334977823 -1.527518276115
